151341.0 3699.0 3988.0  
151129.0 3758.0 3924.0  
146438.0 4477.0 4322.0  
146546.0 4428.0 4360.0  
178516.0 3148.0 3360.0  
178610.0 3227.0 3293.0  
178304.0 3207.0 3296.0  
178398.0 3286.0 3229.0  
180198.0 3092.0 3417.0  
180292.0 3171.0 3350.0  
179986.0 3151.0 3353.0  
180080.0 3230.0 3286.0  
181125.0 3115.0 3399.0  
180913.0 3174.0 3335.0  
181007.0 3253.0 3268.0  
172546.0 3321.0 3366.0  
172269.0 3207.0 3430.0  
172735.0 3388.0 3310.0  
172458.0 3274.0 3374.0  
172616.0 3149.0 3445.0  
169803.0 3100.0 3512.0  
169897.0 3179.0 3445.0  
169591.0 3159.0 3448.0  
169685.0 3238.0 3381.0  
171485.0 3044.0 3569.0  
171579.0 3123.0 3502.0  
171273.0 3103.0 3505.0  
171367.0 3182.0 3438.0  
172412.0 3067.0 3551.0  
172200.0 3126.0 3487.0  
172294.0 3205.0 3420.0  
172597.0 3310.0 3358.0  
188520.0 3092.0 3367.0  
188614.0 3171.0 3300.0  
188308.0 3151.0 3303.0  
188402.0 3230.0 3236.0  
179807.0 3044.0 3519.0  
190504.0 3089.0 3303.0  
190598.0 3168.0 3236.0  
190292.0 3148.0 3239.0  
190386.0 3227.0 3172.0  
192186.0 3033.0 3360.0  
192280.0 3112.0 3293.0  
191974.0 3092.0 3296.0  
192068.0 3171.0 3229.0  
193113.0 3056.0 3342.0  
192901.0 3115.0 3278.0  
192995.0 3194.0 3211.0  
184604.0 3090.0 3388.0  
181791.0 3041.0 3455.0  
181885.0 3120.0 3388.0  
181579.0 3100.0 3391.0  
181673.0 3179.0 3324.0  
183473.0 2985.0 3512.0  
183567.0 3064.0 3445.0  
183261.0 3044.0 3448.0  
184400.0 3008.0 3494.0  
203896.0 3119.0 3261.0  
203990.0 3198.0 3194.0  
193607.0 3007.0 3388.0  
195289.0 2951.0 3445.0  
196216.0 2974.0 3427.0  
187707.0 3008.0 3473.0  
184894.0 2959.0 3540.0  
186576.0 2903.0 3597.0  
187503.0 2926.0 3579.0  
197861.0 2976.0 3402.0  
197649.0 3035.0 3338.0  
197743.0 3114.0 3271.0  
199543.0 2920.0 3459.0  
199331.0 2979.0 3395.0  
200470.0 2943.0 3441.0  
200258.0 3002.0 3377.0  
189148.0 2928.0 3554.0  
190830.0 2872.0 3611.0  
190618.0 2931.0 3547.0  
191757.0 2895.0 3593.0  
191545.0 2954.0 3529.0  
164469.0 3177.0 3596.0  
164257.0 3236.0 3532.0  
164351.0 3315.0 3465.0  
166151.0 3121.0 3653.0  
165939.0 3180.0 3589.0  
180904.0 3491.0 3183.0  
180998.0 3570.0 3116.0  
175335.0 3672.0 3197.0  
183666.0 3913.0 3113.0  
192892.0 3432.0 3126.0  
192986.0 3511.0 3059.0  
195654.0 3854.0 3056.0  
181240.0 3456.0 3211.0  
180934.0 3436.0 3214.0  
181028.0 3515.0 3147.0  
182710.0 3459.0 3204.0  
193228.0 3397.0 3154.0  
192922.0 3377.0 3157.0  
193016.0 3456.0 3090.0  
194698.0 3400.0 3147.0  
206620.0 3427.0 3112.0  
177498.0 3516.0 3189.0  
168785.0 3468.0 3341.0  
189486.0 3457.0 3132.0  
173018.0 3334.0 3331.0  
172712.0 3314.0 3334.0  
172806.0 3393.0 3267.0  
174488.0 3337.0 3324.0  
167735.0 3523.0 3341.0  
167312.0 3409.0 3389.0  
167143.0 3495.0 3348.0  
164211.0 3207.0 3550.0  
164305.0 3286.0 3483.0  
163999.0 3266.0 3486.0  
164093.0 3345.0 3419.0  
165893.0 3151.0 3607.0  
165681.0 3210.0 3543.0  
165775.0 3289.0 3476.0  
167005.0 3417.0 3396.0  
158877.0 3284.0 3634.0  
158971.0 3363.0 3567.0  
158665.0 3343.0 3570.0  
158759.0 3422.0 3503.0  
160559.0 3228.0 3691.0  
160347.0 3287.0 3627.0  
160441.0 3366.0 3560.0  
175021.0 3197.0 3378.0  
175115.0 3276.0 3311.0  
174809.0 3256.0 3314.0  
174903.0 3335.0 3247.0  
176703.0 3141.0 3435.0  
176797.0 3220.0 3368.0  
176491.0 3200.0 3371.0  
176585.0 3279.0 3304.0  
177630.0 3164.0 3417.0  
177418.0 3223.0 3353.0  
177512.0 3302.0 3286.0  
169051.0 3370.0 3384.0  
168774.0 3256.0 3448.0  
169104.0 3436.0 3363.0  
169240.0 3437.0 3328.0  
168963.0 3323.0 3392.0  
169138.0 3474.0 3332.0  
169121.0 3198.0 3463.0  
166308.0 3149.0 3530.0  
166402.0 3228.0 3463.0  
166096.0 3208.0 3466.0  
166190.0 3287.0 3399.0  
167990.0 3093.0 3587.0  
168084.0 3172.0 3520.0  
167778.0 3152.0 3523.0  
167872.0 3231.0 3456.0  
168917.0 3116.0 3569.0  
168705.0 3175.0 3505.0  
168799.0 3254.0 3438.0  
169102.0 3359.0 3376.0  
187009.0 3138.0 3321.0  
187103.0 3217.0 3254.0  
186797.0 3197.0 3257.0  
186891.0 3276.0 3190.0  
189618.0 3105.0 3360.0  
189406.0 3164.0 3296.0  
189500.0 3243.0 3229.0  
178296.0 3090.0 3473.0  
178390.0 3169.0 3406.0  
178084.0 3149.0 3409.0  
178178.0 3228.0 3342.0  
191794.0 3000.0 3463.0  
181399.0 3008.0 3558.0  
183081.0 2952.0 3615.0  
160974.0 3226.0 3614.0  
160762.0 3285.0 3550.0  
160856.0 3364.0 3483.0  
162656.0 3170.0 3671.0  
162444.0 3229.0 3607.0  
171441.0 3470.0 3267.0  
165778.0 3572.0 3348.0  
165676.0 3609.0 3352.0  
162728.0 3422.0 3419.0  
157512.0 3361.0 3634.0  
157300.0 3420.0 3570.0  
157394.0 3499.0 3503.0  
177409.0 3540.0 3201.0  
177503.0 3619.0 3134.0  
172196.0 3931.0 3193.0  
172338.0 3822.0 3210.0  
172813.0 3851.0 3173.0  
172432.0 3749.0 3208.0  
172009.0 3635.0 3256.0  
171840.0 3721.0 3215.0  
171738.0 3758.0 3219.0  
168790.0 3571.0 3286.0  
175725.0 3923.0 3150.0  
171702.0 3643.0 3263.0  
189397.0 3481.0 3144.0  
189491.0 3560.0 3077.0  
187713.0 3864.0 3093.0  
167004.0 3899.0 3294.0  
167479.0 3928.0 3257.0  
167098.0 3826.0 3292.0  
166506.0 3798.0 3299.0  
163456.0 3648.0 3370.0  
174041.0 3754.0 3154.0  
168259.0 4037.0 3250.0  
168734.0 4066.0 3213.0  
168876.0 3957.0 3230.0  
169351.0 3986.0 3193.0  
168189.0 3789.0 3291.0  
168970.0 3884.0 3228.0  
168547.0 3770.0 3276.0  
168242.0 3855.0 3270.0  
168378.0 3856.0 3235.0  
168140.0 3892.0 3274.0  
168276.0 3893.0 3239.0  
165328.0 3706.0 3306.0  
171646.0 4138.0 3190.0  
172263.0 4058.0 3170.0  
171882.0 3956.0 3205.0  
171290.0 3928.0 3212.0  
168240.0 3778.0 3283.0  
162925.0 4114.0 3334.0  
163400.0 4143.0 3297.0  
162427.0 4013.0 3339.0  
163542.0 4034.0 3314.0  
164017.0 4063.0 3277.0  
163636.0 3961.0 3312.0  
163044.0 3933.0 3319.0  
162942.0 3970.0 3323.0  
159994.0 3783.0 3390.0  
166929.0 4135.0 3254.0  
177439.0 3485.0 3232.0  
177533.0 3564.0 3165.0  
172843.0 3796.0 3204.0  
171870.0 3666.0 3246.0  
168726.0 3437.0 3384.0  
168820.0 3516.0 3317.0  
189427.0 3426.0 3175.0  
189521.0 3505.0 3108.0  
167509.0 3873.0 3288.0  
163486.0 3593.0 3401.0  
174071.0 3699.0 3185.0  
169381.0 3931.0 3224.0  
168408.0 3801.0 3266.0  
164047.0 4008.0 3308.0  
174003.0 3565.0 3207.0  
169313.0 3797.0 3246.0  
168932.0 3695.0 3281.0  
168340.0 3667.0 3288.0  
168238.0 3704.0 3292.0  
165290.0 3517.0 3359.0  
163979.0 3874.0 3330.0  
163006.0 3744.0 3372.0  
162904.0 3781.0 3376.0  
159956.0 3594.0 3443.0  
170541.0 3700.0 3227.0  
165234.0 4012.0 3286.0  
165376.0 3903.0 3303.0  
165851.0 3932.0 3266.0  
165470.0 3830.0 3301.0  
164878.0 3802.0 3308.0  
164776.0 3839.0 3312.0  
161828.0 3652.0 3379.0  
167790.0 3874.0 3285.0  
159900.0 4089.0 3370.0  
160042.0 3980.0 3387.0  
160517.0 4009.0 3350.0  
160136.0 3907.0 3385.0  
159544.0 3879.0 3392.0  
159442.0 3916.0 3396.0  
156494.0 3729.0 3463.0  
162451.0 3603.0 3410.0  
169523.0 3383.0 3349.0  
169217.0 3363.0 3352.0  
169311.0 3442.0 3285.0  
170993.0 3386.0 3342.0  
171920.0 3409.0 3324.0  
164004.0 3754.0 3344.0  
163031.0 3624.0 3386.0  
164146.0 3645.0 3361.0  
164621.0 3674.0 3324.0  
164240.0 3572.0 3359.0  
163817.0 3458.0 3407.0  
163512.0 3543.0 3401.0  
163648.0 3544.0 3366.0  
163410.0 3580.0 3405.0  
163546.0 3581.0 3370.0  
163529.0 3305.0 3501.0  
160716.0 3256.0 3568.0  
160810.0 3335.0 3501.0  
160504.0 3315.0 3504.0  
160598.0 3394.0 3437.0  
162398.0 3200.0 3625.0  
162186.0 3259.0 3561.0  
162280.0 3338.0 3494.0  
163113.0 3282.0 3543.0  
163207.0 3361.0 3476.0  
167533.0 3746.0 3301.0  
163510.0 3466.0 3414.0  
157117.0 3680.0 3494.0  
158670.0 3831.0 3428.0  
158812.0 3722.0 3445.0  
159287.0 3751.0 3408.0  
158906.0 3649.0 3443.0  
158314.0 3621.0 3450.0  
158212.0 3658.0 3454.0  
158195.0 3382.0 3585.0  
155382.0 3333.0 3652.0  
155476.0 3412.0 3585.0  
155170.0 3392.0 3588.0  
155264.0 3471.0 3521.0  
157064.0 3277.0 3709.0  
157158.0 3356.0 3642.0  
156852.0 3336.0 3645.0  
156946.0 3415.0 3578.0  
157991.0 3300.0 3691.0  
157779.0 3359.0 3627.0  
150479.0 4111.0 3986.0  
158989.0 3738.0 3430.0  
165849.0 3577.0 3305.0  
160542.0 3889.0 3364.0  
160684.0 3780.0 3381.0  
161159.0 3809.0 3344.0  
160778.0 3707.0 3379.0  
160355.0 3593.0 3427.0  
160050.0 3678.0 3421.0  
160186.0 3679.0 3386.0  
159909.0 3565.0 3450.0  
159948.0 3715.0 3425.0  
160084.0 3716.0 3390.0  
157136.0 3529.0 3457.0  
159745.0 3496.0 3496.0  
164071.0 3881.0 3321.0  
163690.0 3779.0 3356.0  
163098.0 3751.0 3363.0  
160048.0 3601.0 3434.0  
153655.0 3815.0 3514.0  
154733.0 3937.0 3485.0  
155208.0 3966.0 3448.0  
154404.0 3750.0 3531.0  
154235.0 3836.0 3490.0  
154133.0 3873.0 3494.0  
155350.0 3857.0 3465.0  
155825.0 3886.0 3428.0  
154663.0 3689.0 3526.0  
154386.0 3575.0 3590.0  
155444.0 3784.0 3463.0  
155021.0 3670.0 3511.0  
154716.0 3755.0 3505.0  
154852.0 3756.0 3470.0  
154575.0 3642.0 3534.0  
154614.0 3792.0 3509.0  
154750.0 3793.0 3474.0  
154733.0 3517.0 3605.0  
151920.0 3468.0 3672.0  
152014.0 3547.0 3605.0  
151708.0 3527.0 3608.0  
151802.0 3606.0 3541.0  
151705.0 3671.0 3631.0  
153602.0 3412.0 3729.0  
153696.0 3491.0 3662.0  
153390.0 3471.0 3665.0  
153484.0 3550.0 3598.0  
154529.0 3435.0 3711.0  
154317.0 3494.0 3647.0  
154411.0 3573.0 3580.0  
158120.0 4038.0 3425.0  
158737.0 3958.0 3405.0  
158356.0 3856.0 3440.0  
157764.0 3828.0 3447.0  
154714.0 3678.0 3518.0  
150262.0 4074.0 4001.0  
150451.0 4157.0 3969.0  
150519.0 4030.0 3941.0  
150627.0 3981.0 3979.0  
149992.0 4095.0 4011.0  
150423.0 4023.0 4070.0  
150531.0 3974.0 4108.0  
149026.0 4346.0 3933.0  
148749.0 4232.0 3997.0  
148924.0 4383.0 3937.0  
149807.0 4441.0 3870.0  
149384.0 4327.0 3918.0  
149215.0 4429.0 3901.0  
148938.0 4315.0 3965.0  
149113.0 4466.0 3905.0  
150282.0 4470.0 3833.0  
149859.0 4356.0 3881.0  
149795.0 4404.0 3883.0  
149293.0 4301.0 3924.0  
149429.0 4302.0 3889.0  
149006.0 4188.0 3937.0  
150282.0 4377.0 3877.0  
149537.0 4253.0 3927.0  
149114.0 4139.0 3975.0  
148794.0 4416.0 3921.0  
148371.0 4302.0 3969.0  
148718.0 4446.0 3920.0  
148295.0 4332.0 3968.0  
147304.0 4359.0 3993.0  
147440.0 4360.0 3958.0  
147017.0 4246.0 4006.0  
148293.0 4435.0 3946.0  
147548.0 4311.0 3996.0  
147125.0 4197.0 4044.0  
151346.0 3674.0 3986.0  
151440.0 3753.0 3919.0  
151134.0 3733.0 3922.0  
151228.0 3812.0 3855.0  
146443.0 4452.0 4320.0  
146551.0 4403.0 4358.0  
178521.0 3123.0 3358.0  
178615.0 3202.0 3291.0  
178309.0 3182.0 3294.0  
178403.0 3261.0 3227.0  
180203.0 3067.0 3415.0  
180297.0 3146.0 3348.0  
179991.0 3126.0 3351.0  
180085.0 3205.0 3284.0  
181130.0 3090.0 3397.0  
181224.0 3169.0 3330.0  
180918.0 3149.0 3333.0  
181012.0 3228.0 3266.0  
183611.0 3217.0 3278.0  
183705.0 3296.0 3211.0  
172551.0 3296.0 3364.0  
172274.0 3182.0 3428.0  
172909.0 3277.0 3349.0  
172740.0 3363.0 3308.0  
172463.0 3249.0 3372.0  
172638.0 3400.0 3312.0  
172898.0 3271.0 3370.0  
172621.0 3157.0 3434.0  
172621.0 3110.0 3457.0  
172621.0 3124.0 3443.0  
173007.0 3207.0 3410.0  
169808.0 3075.0 3510.0  
169902.0 3154.0 3443.0  
169596.0 3134.0 3446.0  
169690.0 3213.0 3379.0  
171490.0 3019.0 3567.0  
171584.0 3098.0 3500.0  
171278.0 3078.0 3503.0  
171372.0 3157.0 3436.0  
172417.0 3042.0 3549.0  
172511.0 3121.0 3482.0  
172205.0 3101.0 3485.0  
172299.0 3180.0 3418.0  
172602.0 3285.0 3356.0  
188525.0 3067.0 3365.0  
188619.0 3146.0 3298.0  
188313.0 3126.0 3301.0  
188407.0 3205.0 3234.0  
190207.0 3011.0 3422.0  
189995.0 3070.0 3358.0  
190089.0 3149.0 3291.0  
179812.0 3019.0 3517.0  
179600.0 3078.0 3453.0  
181494.0 2963.0 3574.0  
181282.0 3022.0 3510.0  
190509.0 3064.0 3301.0  
190603.0 3143.0 3234.0  
190297.0 3123.0 3237.0  
190391.0 3202.0 3170.0  
192191.0 3008.0 3358.0  
192285.0 3087.0 3291.0  
191979.0 3067.0 3294.0  
192073.0 3146.0 3227.0  
193118.0 3031.0 3340.0  
193212.0 3110.0 3273.0  
192906.0 3090.0 3276.0  
193000.0 3169.0 3209.0  
195599.0 3158.0 3221.0  
195693.0 3237.0 3154.0  
184609.0 3098.0 3377.0  
184609.0 3051.0 3400.0  
184609.0 3065.0 3386.0  
181796.0 3016.0 3453.0  
181890.0 3095.0 3386.0  
181584.0 3075.0 3389.0  
181678.0 3154.0 3322.0  
183478.0 2960.0 3510.0  
183572.0 3039.0 3443.0  
183266.0 3019.0 3446.0  
183360.0 3098.0 3379.0  
184405.0 2983.0 3492.0  
184499.0 3062.0 3425.0  
184193.0 3042.0 3428.0  
184287.0 3121.0 3361.0  
207828.0 3384.0 3126.0  
203382.0 3186.0 3202.0  
204113.0 3035.0 3323.0  
204207.0 3114.0 3256.0  
203901.0 3094.0 3259.0  
203995.0 3173.0 3192.0  
205583.0 3038.0 3316.0  
205677.0 3117.0 3249.0  
206722.0 3002.0 3362.0  
206510.0 3061.0 3298.0  
206604.0 3140.0 3231.0  
208634.0 3351.0 3129.0  
193612.0 2982.0 3386.0  
193706.0 3061.0 3319.0  
193400.0 3041.0 3322.0  
193494.0 3120.0 3255.0  
195294.0 2926.0 3443.0  
195388.0 3005.0 3376.0  
195082.0 2985.0 3379.0  
196221.0 2949.0 3425.0  
187712.0 2969.0 3485.0  
187712.0 2983.0 3471.0  
184899.0 2934.0 3538.0  
184993.0 3013.0 3471.0  
184687.0 2993.0 3474.0  
186581.0 2878.0 3595.0  
186675.0 2957.0 3528.0  
186369.0 2937.0 3531.0  
187508.0 2901.0 3577.0  
197866.0 2951.0 3400.0  
197960.0 3030.0 3333.0  
197654.0 3010.0 3336.0  
197748.0 3089.0 3269.0  
199548.0 2895.0 3457.0  
199642.0 2974.0 3390.0  
199336.0 2954.0 3393.0  
199430.0 3033.0 3326.0  
200475.0 2918.0 3439.0  
200569.0 2997.0 3372.0  
200263.0 2977.0 3375.0  
200357.0 3056.0 3308.0  
202956.0 3045.0 3320.0  
191619.0 3010.0 3470.0  
191966.0 2938.0 3499.0  
191966.0 2952.0 3485.0  
189153.0 2903.0 3552.0  
188941.0 2962.0 3488.0  
189035.0 3041.0 3421.0  
190835.0 2847.0 3609.0  
190929.0 2926.0 3542.0  
190623.0 2906.0 3545.0  
191762.0 2870.0 3591.0  
191856.0 2949.0 3524.0  
191550.0 2929.0 3527.0  
191644.0 3008.0 3460.0  
173069.0 3338.0 3311.0  
164474.0 3152.0 3594.0  
164568.0 3231.0 3527.0  
164262.0 3211.0 3530.0  
164356.0 3290.0 3463.0  
166156.0 3096.0 3651.0  
166250.0 3175.0 3584.0  
165944.0 3155.0 3587.0  
166038.0 3234.0 3520.0  
179565.0 3011.0 3622.0  
181247.0 2955.0 3679.0  
181215.0 3486.0 3178.0  
180909.0 3466.0 3181.0  
181003.0 3545.0 3114.0  
182685.0 3489.0 3171.0  
186305.0 3580.0 3098.0  
175340.0 3647.0 3195.0  
179225.0 3849.0 3130.0  
183671.0 3888.0 3111.0  
193203.0 3427.0 3121.0  
192897.0 3407.0 3124.0  
192991.0 3486.0 3057.0  
194673.0 3430.0 3114.0  
198293.0 3521.0 3041.0  
191213.0 3790.0 3073.0  
195659.0 3829.0 3054.0  
210428.0 3668.0 3013.0  
206595.0 3457.0 3079.0  
211234.0 3635.0 3016.0  
175669.0 3622.0 3198.0  
181245.0 3431.0 3209.0  
180939.0 3411.0 3212.0  
181033.0 3490.0 3145.0  
182715.0 3434.0 3202.0  
183642.0 3457.0 3184.0  
186241.0 3446.0 3196.0  
186335.0 3525.0 3129.0  
193233.0 3372.0 3152.0  
192927.0 3352.0 3155.0  
193021.0 3431.0 3088.0  
194703.0 3375.0 3145.0  
195630.0 3398.0 3127.0  
198229.0 3387.0 3139.0  
198323.0 3466.0 3072.0  
206012.0 3415.0 3120.0  
206625.0 3402.0 3110.0  
177503.0 3491.0 3187.0  
180112.0 3458.0 3226.0  
168790.0 3443.0 3339.0  
189491.0 3432.0 3130.0  
192100.0 3399.0 3169.0  
173023.0 3309.0 3329.0  
172717.0 3289.0 3332.0  
172811.0 3368.0 3265.0  
174493.0 3312.0 3322.0  
167223.0 3457.0 3389.0  
167740.0 3498.0 3339.0  
167317.0 3384.0 3387.0  
167012.0 3469.0 3381.0  
167148.0 3470.0 3346.0  
167046.0 3507.0 3350.0  
164216.0 3182.0 3548.0  
164310.0 3261.0 3481.0  
164004.0 3241.0 3484.0  
164098.0 3320.0 3417.0  
165898.0 3126.0 3605.0  
165992.0 3205.0 3538.0  
165686.0 3185.0 3541.0  
165780.0 3264.0 3474.0  
167010.0 3392.0 3394.0  
184799.0 3309.0 3208.0  
186481.0 3253.0 3265.0  
177886.0 3067.0 3548.0  
167477.0 3445.0 3349.0  
162406.0 3575.0 3423.0  
161814.0 3547.0 3430.0  
158882.0 3259.0 3632.0  
158976.0 3338.0 3565.0  
158670.0 3318.0 3568.0  
158764.0 3397.0 3501.0  
160564.0 3203.0 3689.0  
160658.0 3282.0 3622.0  
160352.0 3262.0 3625.0  
160446.0 3341.0 3558.0  
175026.0 3172.0 3376.0  
175120.0 3251.0 3309.0  
174814.0 3231.0 3312.0  
174908.0 3310.0 3245.0  
176708.0 3116.0 3433.0  
176802.0 3195.0 3366.0  
176496.0 3175.0 3369.0  
176590.0 3254.0 3302.0  
177635.0 3139.0 3415.0  
177729.0 3218.0 3348.0  
177423.0 3198.0 3351.0  
177517.0 3277.0 3284.0  
169056.0 3345.0 3382.0  
168779.0 3231.0 3446.0  
168954.0 3382.0 3386.0  
169414.0 3326.0 3367.0  
169109.0 3411.0 3361.0  
169245.0 3412.0 3326.0  
168968.0 3298.0 3390.0  
169143.0 3449.0 3330.0  
169403.0 3320.0 3388.0  
169126.0 3206.0 3452.0  
169126.0 3159.0 3475.0  
169126.0 3173.0 3461.0  
169512.0 3256.0 3428.0  
166313.0 3124.0 3528.0  
166407.0 3203.0 3461.0  
166101.0 3183.0 3464.0  
166195.0 3262.0 3397.0  
167995.0 3068.0 3585.0  
168089.0 3147.0 3518.0  
167783.0 3127.0 3521.0  
167877.0 3206.0 3454.0  
168922.0 3091.0 3567.0  
169016.0 3170.0 3500.0  
168710.0 3150.0 3503.0  
168804.0 3229.0 3436.0  
169107.0 3334.0 3374.0  
184818.0 3175.0 3319.0  
184912.0 3254.0 3252.0  
186500.0 3119.0 3376.0  
176317.0 3068.0 3535.0  
177999.0 3012.0 3592.0  
177787.0 3071.0 3528.0  
187014.0 3113.0 3319.0  
187108.0 3192.0 3252.0  
186802.0 3172.0 3255.0  
186896.0 3251.0 3188.0  
188696.0 3057.0 3376.0  
188484.0 3116.0 3312.0  
188578.0 3195.0 3245.0  
189623.0 3080.0 3358.0  
189717.0 3159.0 3291.0  
189411.0 3139.0 3294.0  
189505.0 3218.0 3227.0  
181114.0 3114.0 3404.0  
178301.0 3065.0 3471.0  
178395.0 3144.0 3404.0  
178089.0 3124.0 3407.0  
178183.0 3203.0 3340.0  
179983.0 3009.0 3528.0  
179771.0 3068.0 3464.0  
180910.0 3032.0 3510.0  
190117.0 3031.0 3404.0  
190211.0 3110.0 3337.0  
189905.0 3090.0 3340.0  
189999.0 3169.0 3273.0  
191799.0 2975.0 3461.0  
191587.0 3034.0 3397.0  
192726.0 2998.0 3443.0  
181404.0 2983.0 3556.0  
183086.0 2927.0 3613.0  
182874.0 2986.0 3549.0  
184013.0 2950.0 3595.0  
169574.0 3387.0 3329.0  
163792.0 3250.0 3545.0  
160979.0 3201.0 3612.0  
161073.0 3280.0 3545.0  
160767.0 3260.0 3548.0  
160861.0 3339.0 3481.0  
162661.0 3145.0 3669.0  
162755.0 3224.0 3602.0  
162449.0 3204.0 3605.0  
162543.0 3283.0 3538.0  
163588.0 3168.0 3651.0  
163376.0 3227.0 3587.0  
171658.0 3386.0 3329.0  
171352.0 3366.0 3332.0  
171446.0 3445.0 3265.0  
165594.0 3480.0 3402.0  
165952.0 3461.0 3387.0  
165783.0 3547.0 3346.0  
165681.0 3584.0 3350.0  
162851.0 3259.0 3548.0  
162945.0 3338.0 3481.0  
162639.0 3318.0 3484.0  
162733.0 3397.0 3417.0  
165645.0 3469.0 3394.0  
183434.0 3386.0 3208.0  
166112.0 3522.0 3349.0  
157517.0 3336.0 3632.0  
157611.0 3415.0 3565.0  
157305.0 3395.0 3568.0  
157399.0 3474.0 3501.0  
177414.0 3515.0 3199.0  
177508.0 3594.0 3132.0  
172201.0 3906.0 3191.0  
172343.0 3797.0 3208.0  
172818.0 3826.0 3171.0  
172437.0 3724.0 3206.0  
172014.0 3610.0 3254.0  
171845.0 3696.0 3213.0  
171743.0 3733.0 3217.0  
168795.0 3546.0 3284.0  
175730.0 3898.0 3148.0  
180176.0 3937.0 3129.0  
171707.0 3618.0 3261.0  
189402.0 3456.0 3142.0  
189496.0 3535.0 3075.0  
187718.0 3839.0 3091.0  
192164.0 3878.0 3072.0  
172174.0 3671.0 3216.0  
167009.0 3874.0 3292.0  
167484.0 3903.0 3255.0  
167103.0 3801.0 3290.0  
166511.0 3773.0 3297.0  
163461.0 3623.0 3368.0  
167186.0 3890.0 3277.0  
173952.0 3650.0 3219.0  
174046.0 3729.0 3152.0  
168264.0 4012.0 3248.0  
168739.0 4041.0 3211.0  
167766.0 3911.0 3253.0  
168881.0 3932.0 3228.0  
169356.0 3961.0 3191.0  
168194.0 3764.0 3289.0  
168975.0 3859.0 3226.0  
168552.0 3745.0 3274.0  
168247.0 3830.0 3268.0  
168383.0 3831.0 3233.0  
168106.0 3717.0 3297.0  
168145.0 3867.0 3272.0  
168281.0 3868.0 3237.0  
165333.0 3681.0 3304.0  
171651.0 4113.0 3188.0  
172268.0 4033.0 3168.0  
171887.0 3931.0 3203.0  
171295.0 3903.0 3210.0  
171193.0 3940.0 3214.0  
168245.0 3753.0 3281.0  
186034.0 3670.0 3095.0  
168712.0 3806.0 3236.0  
162930.0 4089.0 3332.0  
163405.0 4118.0 3295.0  
162432.0 3988.0 3337.0  
162330.0 4025.0 3341.0  
163547.0 4009.0 3312.0  
164022.0 4038.0 3275.0  
163641.0 3936.0 3310.0  
163049.0 3908.0 3317.0  
162947.0 3945.0 3321.0  
159999.0 3758.0 3388.0  
166934.0 4110.0 3252.0  
177750.0 3480.0 3227.0  
177444.0 3460.0 3230.0  
177538.0 3539.0 3163.0  
179220.0 3483.0 3220.0  
172848.0 3771.0 3202.0  
172467.0 3669.0 3237.0  
171875.0 3641.0 3244.0  
169037.0 3432.0 3379.0  
168731.0 3412.0 3382.0  
168825.0 3491.0 3315.0  
189738.0 3421.0 3170.0  
189432.0 3401.0 3173.0  
189526.0 3480.0 3106.0  
191208.0 3424.0 3163.0  
172204.0 3616.0 3247.0  
167514.0 3848.0 3286.0  
163491.0 3568.0 3399.0  
173982.0 3595.0 3250.0  
174076.0 3674.0 3183.0  
169386.0 3906.0 3222.0  
169005.0 3804.0 3257.0  
168413.0 3776.0 3264.0  
168311.0 3813.0 3268.0  
165363.0 3626.0 3335.0  
168742.0 3751.0 3267.0  
164052.0 3983.0 3306.0  
163671.0 3881.0 3341.0  
160029.0 3703.0 3419.0  
174008.0 3540.0 3205.0  
176617.0 3507.0 3244.0  
168843.0 3743.0 3281.0  
169318.0 3772.0 3244.0  
168937.0 3670.0 3279.0  
168345.0 3642.0 3286.0  
168243.0 3679.0 3290.0  
165295.0 3492.0 3357.0  
185996.0 3481.0 3148.0  
188605.0 3448.0 3187.0  
168674.0 3617.0 3289.0  
163984.0 3849.0 3328.0  
163011.0 3719.0 3370.0  
162909.0 3756.0 3374.0  
159961.0 3569.0 3441.0  
170546.0 3675.0 3225.0  
165239.0 3987.0 3284.0  
165381.0 3878.0 3301.0  
165856.0 3907.0 3264.0  
165475.0 3805.0 3299.0  
164883.0 3777.0 3306.0  
164781.0 3814.0 3310.0  
161833.0 3627.0 3377.0  
167795.0 3849.0 3283.0  
165212.0 3752.0 3309.0  
159905.0 4064.0 3368.0  
160047.0 3955.0 3385.0  
160522.0 3984.0 3348.0  
160141.0 3882.0 3383.0  
159549.0 3854.0 3390.0  
159447.0 3891.0 3394.0  
156499.0 3704.0 3461.0  
162456.0 3578.0 3408.0  
169528.0 3358.0 3347.0  
169222.0 3338.0 3350.0  
169316.0 3417.0 3283.0  
170998.0 3361.0 3340.0  
171925.0 3384.0 3322.0  
164009.0 3729.0 3342.0  
163036.0 3599.0 3384.0  
164151.0 3620.0 3359.0  
163728.0 3506.0 3407.0  
164626.0 3649.0 3322.0  
164245.0 3547.0 3357.0  
163822.0 3433.0 3405.0  
163517.0 3518.0 3399.0  
163653.0 3519.0 3364.0  
163415.0 3555.0 3403.0  
163551.0 3556.0 3368.0  
163534.0 3313.0 3490.0  
163534.0 3266.0 3513.0  
163534.0 3280.0 3499.0  
163920.0 3363.0 3466.0  
160721.0 3231.0 3566.0  
160815.0 3310.0 3499.0  
160509.0 3290.0 3502.0  
160603.0 3369.0 3435.0  
162403.0 3175.0 3623.0  
162497.0 3254.0 3556.0  
162191.0 3234.0 3559.0  
162285.0 3313.0 3492.0  
163330.0 3198.0 3605.0  
163424.0 3277.0 3538.0  
163118.0 3257.0 3541.0  
163212.0 3336.0 3474.0  
167538.0 3721.0 3299.0  
163515.0 3441.0 3412.0  
181304.0 3358.0 3226.0  
157122.0 3655.0 3492.0  
163982.0 3494.0 3367.0  
158675.0 3806.0 3426.0  
158817.0 3697.0 3443.0  
159292.0 3726.0 3406.0  
158911.0 3624.0 3441.0  
158319.0 3596.0 3448.0  
158217.0 3633.0 3452.0  
158200.0 3390.0 3574.0  
158200.0 3343.0 3597.0  
158200.0 3357.0 3583.0  
155387.0 3308.0 3650.0  
155481.0 3387.0 3583.0  
155175.0 3367.0 3586.0  
155269.0 3446.0 3519.0  
157069.0 3252.0 3707.0  
157163.0 3331.0 3640.0  
156857.0 3311.0 3643.0  
156951.0 3390.0 3576.0  
157996.0 3275.0 3689.0  
158090.0 3354.0 3622.0  
157784.0 3334.0 3625.0  
157878.0 3413.0 3558.0  
150484.0 4086.0 3984.0  
158994.0 3713.0 3428.0  
165760.0 3473.0 3370.0  
165854.0 3552.0 3303.0  
160547.0 3864.0 3362.0  
159574.0 3734.0 3404.0  
160689.0 3755.0 3379.0  
160266.0 3641.0 3427.0  
161164.0 3784.0 3342.0  
160002.0 3587.0 3440.0  
160783.0 3682.0 3377.0  
160360.0 3568.0 3425.0  
160055.0 3653.0 3419.0  
160191.0 3654.0 3384.0  
159914.0 3540.0 3448.0  
159953.0 3690.0 3423.0  
160089.0 3691.0 3388.0  
160349.0 3562.0 3446.0  
160458.0 3498.0 3486.0  
157259.0 3366.0 3586.0  
157353.0 3445.0 3519.0  
157047.0 3425.0 3522.0  
157141.0 3504.0 3455.0  
159656.0 3392.0 3561.0  
159750.0 3471.0 3494.0  
164076.0 3856.0 3319.0  
163695.0 3754.0 3354.0  
163103.0 3726.0 3361.0  
163001.0 3763.0 3365.0  
160053.0 3576.0 3432.0  
153660.0 3790.0 3512.0  
160520.0 3629.0 3387.0  
154738.0 3912.0 3483.0  
155213.0 3941.0 3446.0  
154409.0 3725.0 3529.0  
154240.0 3811.0 3488.0  
154138.0 3848.0 3492.0  
154574.0 3737.0 3526.0  
155355.0 3832.0 3463.0  
154932.0 3718.0 3511.0  
155830.0 3861.0 3426.0  
154668.0 3664.0 3524.0  
154391.0 3550.0 3588.0  
154566.0 3701.0 3528.0  
155449.0 3759.0 3461.0  
155026.0 3645.0 3509.0  
154483.0 3723.0 3538.0  
154721.0 3730.0 3503.0  
154857.0 3731.0 3468.0  
154580.0 3617.0 3532.0  
154619.0 3767.0 3507.0  
154755.0 3768.0 3472.0  
155015.0 3639.0 3530.0  
154738.0 3525.0 3594.0  
154738.0 3478.0 3617.0  
154738.0 3492.0 3603.0  
155124.0 3575.0 3570.0  
151925.0 3443.0 3670.0  
152019.0 3522.0 3603.0  
151713.0 3502.0 3606.0  
151807.0 3581.0 3539.0  
153607.0 3387.0 3727.0  
153701.0 3466.0 3660.0  
153395.0 3446.0 3663.0  
153489.0 3525.0 3596.0  
154534.0 3410.0 3709.0  
154628.0 3489.0 3642.0  
154322.0 3469.0 3645.0  
154416.0 3548.0 3578.0  
158125.0 4013.0 3423.0  
158742.0 3933.0 3403.0  
158361.0 3831.0 3438.0  
157769.0 3803.0 3445.0  
157667.0 3840.0 3449.0  
154719.0 3653.0 3516.0  
148969.0 4189.0 4032.0  
149077.0 4140.0 4070.0  
150408.0 4162.0 3970.0  
150267.0 4049.0 3999.0  
150441.0 4101.0 3993.0  
150456.0 4132.0 3967.0  
150524.0 4005.0 3939.0  
150632.0 3956.0 3977.0  
150312.0 4233.0 3923.0  
149889.0 4119.0 3971.0  
149997.0 4070.0 4009.0  
150161.0 4051.0 4110.0  
150265.0 4047.0 4107.0  
150161.0 4053.0 4060.0  
150640.0 3943.0 4153.0  
150171.0 4042.0 4128.0  
150428.0 3998.0 4068.0  
150536.0 3949.0 4106.0  
149223.0 4108.0 4020.0  
149031.0 4321.0 3931.0  
148754.0 4207.0 3995.0  
148929.0 4358.0 3935.0  
148928.0 4259.0 3989.0  
149812.0 4416.0 3868.0  
149389.0 4302.0 3916.0  
149220.0 4404.0 3899.0  
148943.0 4290.0 3963.0  
149118.0 4441.0 3903.0  
149404.0 4387.0 3898.0  
150151.0 4444.0 3866.0  
150287.0 4445.0 3831.0  
149864.0 4331.0 3879.0  
149800.0 4379.0 3881.0  
149377.0 4265.0 3929.0  
149298.0 4276.0 3922.0  
149434.0 4277.0 3887.0  
149011.0 4163.0 3935.0  
150287.0 4352.0 3875.0  
149864.0 4238.0 3923.0  
149542.0 4228.0 3925.0  
149119.0 4114.0 3973.0  
148663.0 4390.0 3954.0  
148799.0 4391.0 3919.0  
148376.0 4277.0 3967.0  
148723.0 4421.0 3918.0  
148300.0 4307.0 3966.0  
147309.0 4334.0 3991.0  
147445.0 4335.0 3956.0  
147022.0 4221.0 4004.0  
148298.0 4410.0 3944.0  
147875.0 4296.0 3992.0  
147553.0 4286.0 3994.0  
147130.0 4172.0 4042.0  
167379.0 3078.0 3637.0  
169061.0 3022.0 3694.0  
179065.0 2966.0 3701.0  
181049.0 2963.0 3637.0  
182470.0 2937.0 3665.0  
184152.0 2881.0 3722.0  
162045.0 3155.0 3721.0  
163727.0 3099.0 3778.0  
178818.0 2958.0 3806.0  
161787.0 3185.0 3675.0  
163469.0 3129.0 3732.0  
156453.0 3262.0 3759.0  
158135.0 3206.0 3816.0  
152991.0 3397.0 3779.0  
154673.0 3341.0 3836.0  
148196.0 4126.0 4151.0  
171163.0 3046.0 3616.0  
172845.0 2990.0 3673.0  
182849.0 2934.0 3680.0  
196649.0 2897.0 3549.0  
186254.0 2905.0 3644.0  
187936.0 2849.0 3701.0  
199221.0 2922.0 3506.0  
200903.0 2866.0 3563.0  
190508.0 2874.0 3658.0  
192190.0 2818.0 3715.0  
165829.0 3123.0 3700.0  
167511.0 3067.0 3757.0  
182602.0 2926.0 3785.0  
160237.0 3230.0 3738.0  
161919.0 3174.0 3795.0  
167668.0 3095.0 3634.0  
169350.0 3039.0 3691.0  
179354.0 2983.0 3698.0  
181338.0 2980.0 3634.0  
184441.0 2898.0 3719.0  
162334.0 3172.0 3718.0  
164016.0 3116.0 3775.0  
156742.0 3279.0 3756.0  
158424.0 3223.0 3813.0  
153280.0 3414.0 3776.0  
154962.0 3358.0 3833.0  
148485.0 4143.0 4148.0  
151435.0 3727.0 3933.0  
151223.0 3786.0 3869.0  
146640.0 4456.0 4305.0  
150921.0 3795.0 3858.0  
151015.0 3874.0 3791.0  
150709.0 3854.0 3794.0  
150803.0 3933.0 3727.0  
150706.0 3998.0 3817.0  
146305.0 4686.0 4179.0  
146441.0 4687.0 4144.0  
146018.0 4573.0 4192.0  
146126.0 4524.0 4230.0  
151277.0 3776.0 3817.0  
151371.0 3855.0 3750.0  
151065.0 3835.0 3753.0  
151159.0 3914.0 3686.0  
146661.0 4667.0 4138.0  
146797.0 4668.0 4103.0  
146374.0 4554.0 4151.0  
146905.0 4619.0 4141.0  
146482.0 4505.0 4189.0  
182880.0 3313.0 3210.0  
174167.0 3265.0 3362.0  
194868.0 3254.0 3153.0  
200170.0 3289.0 3137.0  
207003.0 3401.0 3125.0  
207809.0 3368.0 3128.0  
185480.0 3597.0 3097.0  
197468.0 3538.0 3040.0  
202770.0 3573.0 3024.0  
200136.0 3881.0 3037.0  
214271.0 3766.0 3011.0  
209603.0 3685.0 3012.0  
214905.0 3720.0 2996.0  
212271.0 4028.0 3009.0  
215098.0 3700.0 3009.0  
210409.0 3652.0 3015.0  
215711.0 3687.0 2999.0  
185510.0 3542.0 3128.0  
197498.0 3483.0 3071.0  
202800.0 3518.0 3055.0  
179098.0 3098.0 3430.0  
180780.0 3042.0 3487.0  
181707.0 3065.0 3469.0  
170385.0 3050.0 3582.0  
172067.0 2994.0 3639.0  
172994.0 3017.0 3621.0  
180389.0 2994.0 3589.0  
182071.0 2938.0 3646.0  
191086.0 3039.0 3373.0  
192768.0 2983.0 3430.0  
182373.0 2991.0 3525.0  
184055.0 2935.0 3582.0  
186092.0 2896.0 3692.0  
194189.0 2957.0 3458.0  
195871.0 2901.0 3515.0  
196798.0 2924.0 3497.0  
185476.0 2909.0 3610.0  
187158.0 2853.0 3667.0  
188085.0 2876.0 3649.0  
200125.0 2870.0 3529.0  
201052.0 2893.0 3511.0  
191412.0 2822.0 3681.0  
192339.0 2845.0 3663.0  
165051.0 3127.0 3666.0  
166733.0 3071.0 3723.0  
180142.0 2986.0 3694.0  
181824.0 2930.0 3751.0  
159459.0 3234.0 3704.0  
161141.0 3178.0 3761.0  
166890.0 3099.0 3600.0  
168572.0 3043.0 3657.0  
169499.0 3066.0 3639.0  
178576.0 2987.0 3664.0  
178878.0 3040.0 3543.0  
180560.0 2984.0 3600.0  
181981.0 2958.0 3628.0  
183663.0 2902.0 3685.0  
184590.0 2925.0 3667.0  
161556.0 3176.0 3684.0  
163238.0 3120.0 3741.0  
164165.0 3143.0 3723.0  
155964.0 3283.0 3722.0  
157646.0 3227.0 3779.0  
158573.0 3250.0 3761.0  
152502.0 3418.0 3742.0  
154184.0 3362.0 3799.0  
155111.0 3385.0 3781.0  
149800.0 4083.0 4092.0  
149696.0 4089.0 4045.0  
147707.0 4147.0 4114.0  
167956.0 3053.0 3709.0  
169638.0 2997.0 3766.0  
170565.0 3020.0 3748.0  
179642.0 2941.0 3773.0  
180569.0 2964.0 3755.0  
181626.0 2938.0 3709.0  
183663.0 2899.0 3819.0  
183047.0 2912.0 3737.0  
184729.0 2856.0 3794.0  
185656.0 2879.0 3776.0  
167781.0 3055.0 3907.0  
182872.0 2914.0 3935.0  
162622.0 3130.0 3793.0  
164304.0 3074.0 3850.0  
165231.0 3097.0 3832.0  
179395.0 2933.0 3878.0  
157030.0 3237.0 3831.0  
158712.0 3181.0 3888.0  
159639.0 3204.0 3870.0  
153568.0 3372.0 3851.0  
155250.0 3316.0 3908.0  
148773.0 4101.0 4223.0  
173422.0 2965.0 3745.0  
174349.0 2988.0 3727.0  
183426.0 2909.0 3752.0  
188513.0 2824.0 3773.0  
189440.0 2847.0 3755.0  
201480.0 2841.0 3635.0  
192767.0 2793.0 3787.0  
193694.0 2816.0 3769.0  
168088.0 3042.0 3829.0  
183179.0 2901.0 3857.0  
162496.0 3149.0 3867.0  
169927.0 3014.0 3763.0  
179931.0 2958.0 3770.0  
185018.0 2873.0 3791.0  
164593.0 3091.0 3847.0  
159001.0 3198.0 3885.0  
149062.0 4118.0 4220.0  
146703.0 4499.0 4302.0  
271799.0 4060.0 2986.0  
272207.0 4178.0 2956.0  
277509.0 4213.0 2940.0  
267517.0 4410.0 2995.0  
270429.0 4482.0 2972.0  
272154.0 4352.0 2963.0  
270376.0 4656.0 2979.0  
285740.0 4286.0 2918.0  
291042.0 4321.0 2902.0  
285729.0 4358.0 2924.0  
291031.0 4393.0 2908.0  
285562.0 4376.0 2922.0  
290864.0 4411.0 2906.0  
285709.0 4395.0 2918.0  
291011.0 4430.0 2902.0  
299264.0 4496.0 2891.0  
304566.0 4531.0 2875.0  
299097.0 4514.0 2889.0  
304399.0 4549.0 2873.0  
299244.0 4533.0 2885.0  
304546.0 4568.0 2869.0  
323087.0 4542.0 2842.0  
317618.0 4525.0 2856.0  
322920.0 4560.0 2840.0  
317765.0 4544.0 2852.0  
323067.0 4579.0 2836.0  
273966.0 3399.0 3105.0  
294266.0 3382.0 3120.0  
293408.0 3523.0 3037.0  
292745.0 3666.0 2990.0  
293059.0 3456.0 3073.0  
283532.0 2759.0 3902.0  
284459.0 2782.0 3884.0  
296499.0 2776.0 3764.0  
287786.0 2728.0 3916.0  
296601.0 2769.0 3749.0  
286206.0 2777.0 3844.0  
287888.0 2721.0 3901.0  
287676.0 2780.0 3837.0  
296775.0 2810.0 3676.0  
288062.0 2762.0 3828.0  
297013.0 2850.0 3587.0  
288300.0 2802.0 3739.0  
282758.0 2754.0 4006.0  
282142.0 2767.0 3924.0  
283824.0 2711.0 3981.0  
284751.0 2734.0 3963.0  
296791.0 2728.0 3843.0  
288078.0 2680.0 3995.0  
295211.0 2777.0 3771.0  
296893.0 2721.0 3828.0  
286498.0 2729.0 3923.0  
288180.0 2673.0 3980.0  
295385.0 2818.0 3698.0  
297067.0 2762.0 3755.0  
286672.0 2770.0 3850.0  
288354.0 2714.0 3907.0  
297305.0 2802.0 3666.0  
298232.0 2825.0 3648.0  
286910.0 2810.0 3761.0  
288592.0 2754.0 3818.0  
289519.0 2777.0 3800.0  
287828.0 2777.0 3836.0  
296643.0 2818.0 3669.0  
287930.0 2770.0 3821.0  
296817.0 2859.0 3596.0  
288104.0 2811.0 3748.0  
283866.0 2760.0 3901.0  
284793.0 2783.0 3883.0  
296935.0 2770.0 3748.0  
286540.0 2778.0 3843.0  
288222.0 2722.0 3900.0  
297109.0 2811.0 3675.0  
288396.0 2763.0 3827.0  
297347.0 2851.0 3586.0  
288634.0 2803.0 3738.0  
273837.0 3564.0 3035.0  
267872.0 3672.0 3004.0  
273174.0 3707.0 2988.0  
282068.0 3637.0 3013.0  
287370.0 3672.0 2997.0  
281405.0 3780.0 2966.0  
286707.0 3815.0 2950.0  
273582.0 3825.0 2958.0  
278884.0 3860.0 2942.0  
273338.0 4096.0 2978.0  
271804.0 4129.0 2974.0  
287115.0 3933.0 2920.0  
292417.0 3968.0 2904.0  
287104.0 4005.0 2926.0  
292406.0 4040.0 2910.0  
286937.0 4023.0 2924.0  
292239.0 4058.0 2908.0  
287084.0 4042.0 2920.0  
292386.0 4077.0 2904.0  
305941.0 4178.0 2877.0  
305774.0 4196.0 2875.0  
300619.0 4180.0 2887.0  
305921.0 4215.0 2871.0  
275539.0 3498.0 3046.0  
280841.0 3533.0 3030.0  
274876.0 3641.0 2999.0  
280178.0 3676.0 2983.0  
289072.0 3606.0 3008.0  
294374.0 3641.0 2992.0  
288409.0 3749.0 2961.0  
293711.0 3784.0 2945.0  
280586.0 3794.0 2953.0  
285888.0 3829.0 2937.0  
294119.0 3902.0 2915.0  
299421.0 3937.0 2899.0  
299390.0 4046.0 2899.0  
292766.0 3693.0 2972.0  
292103.0 3836.0 2925.0  
297405.0 3871.0 2909.0  
305636.0 3944.0 2887.0  
310938.0 3979.0 2871.0  
305625.0 4016.0 2893.0  
310927.0 4051.0 2877.0  
305458.0 4034.0 2891.0  
310760.0 4069.0 2875.0  
305605.0 4053.0 2887.0  
310907.0 4088.0 2871.0  
319160.0 4154.0 2860.0  
324462.0 4189.0 2844.0  
318993.0 4172.0 2858.0  
324295.0 4207.0 2842.0  
319140.0 4191.0 2854.0  
324442.0 4226.0 2838.0  
295839.0 3481.0 3061.0  
294981.0 3622.0 2978.0  
300283.0 3657.0 2962.0  
294318.0 3765.0 2931.0  
299620.0 3800.0 2915.0  
307851.0 3873.0 2893.0  
313153.0 3908.0 2877.0  
326677.0 4118.0 2850.0  
326510.0 4136.0 2848.0  
321355.0 4120.0 2860.0  
326657.0 4155.0 2844.0  
294603.0 3602.0 3020.0  
297148.0 3419.0 3095.0  
297074.0 3792.0 2926.0  
302376.0 3827.0 2910.0  
310607.0 3900.0 2888.0  
315909.0 3935.0 2872.0  
324131.0 4110.0 2861.0  
329433.0 4145.0 2845.0  
323964.0 4128.0 2859.0  
329266.0 4163.0 2843.0  
324111.0 4147.0 2855.0  
329413.0 4182.0 2839.0  
295490.0 3414.0 3097.0  
294632.0 3555.0 3014.0  
293969.0 3698.0 2967.0  
297388.0 3582.0 3009.0  
296725.0 3725.0 2962.0  
273093.0 3830.0 2980.0  
270459.0 4138.0 2993.0  
273040.0 4004.0 2987.0  
273501.0 3948.0 2950.0  
278803.0 3983.0 2934.0  
268811.0 4180.0 2989.0  
271106.0 4332.0 2986.0  
271723.0 4252.0 2966.0  
276169.0 4291.0 2947.0  
273448.0 4122.0 2957.0  
278750.0 4157.0 2941.0  
271670.0 4426.0 2973.0  
287034.0 4056.0 2912.0  
292336.0 4091.0 2896.0  
285256.0 4360.0 2928.0  
289702.0 4399.0 2909.0  
287023.0 4128.0 2918.0  
292325.0 4163.0 2902.0  
286856.0 4146.0 2916.0  
292158.0 4181.0 2900.0  
285078.0 4450.0 2932.0  
287003.0 4165.0 2912.0  
292305.0 4200.0 2896.0  
285225.0 4469.0 2928.0  
289671.0 4508.0 2909.0  
300558.0 4266.0 2885.0  
305860.0 4301.0 2869.0  
300391.0 4284.0 2883.0  
305693.0 4319.0 2867.0  
300538.0 4303.0 2879.0  
305840.0 4338.0 2863.0  
298760.0 4607.0 2895.0  
303206.0 4646.0 2876.0  
280097.0 3799.0 2975.0  
285807.0 3952.0 2929.0  
299340.0 4060.0 2891.0  
299162.0 4150.0 2895.0  
299309.0 4169.0 2891.0  
312697.0 4288.0 2862.0  
312844.0 4307.0 2858.0  
292022.0 3959.0 2917.0  
297324.0 3994.0 2901.0  
305555.0 4067.0 2879.0  
310857.0 4102.0 2863.0  
305544.0 4139.0 2885.0  
310846.0 4174.0 2869.0  
305377.0 4157.0 2883.0  
310679.0 4192.0 2867.0  
305524.0 4176.0 2879.0  
310826.0 4211.0 2863.0  
319079.0 4277.0 2852.0  
324381.0 4312.0 2836.0  
318912.0 4295.0 2850.0  
324214.0 4330.0 2834.0  
319059.0 4314.0 2846.0  
324361.0 4349.0 2830.0  
321727.0 4657.0 2843.0  
294237.0 3888.0 2923.0  
299539.0 3923.0 2907.0  
307770.0 3996.0 2885.0  
313072.0 4031.0 2869.0  
321274.0 4243.0 2852.0  
326576.0 4278.0 2836.0  
310526.0 4023.0 2880.0  
315828.0 4058.0 2864.0  
324050.0 4233.0 2853.0  
329352.0 4268.0 2837.0  
323883.0 4251.0 2851.0  
329185.0 4286.0 2835.0  
324030.0 4270.0 2847.0  
329332.0 4305.0 2831.0  
274609.0 3375.0 3127.0  
282493.0 2791.0 3867.0  
284175.0 2735.0 3924.0  
285102.0 2758.0 3906.0  
295460.0 2808.0 3729.0  
297142.0 2752.0 3786.0  
286747.0 2760.0 3881.0  
288429.0 2704.0 3938.0  
295562.0 2801.0 3714.0  
297244.0 2745.0 3771.0  
297032.0 2804.0 3707.0  
298171.0 2768.0 3753.0  
286849.0 2753.0 3866.0  
288531.0 2697.0 3923.0  
288319.0 2756.0 3859.0  
289458.0 2720.0 3905.0  
297418.0 2786.0 3698.0  
288705.0 2738.0 3850.0  
297656.0 2826.0 3609.0  
298583.0 2849.0 3591.0  
288943.0 2778.0 3761.0  
289870.0 2801.0 3743.0  
281719.0 2786.0 3971.0  
283401.0 2730.0 4028.0  
285598.0 2778.0 3893.0  
282785.0 2743.0 3946.0  
284467.0 2687.0 4003.0  
285394.0 2710.0 3985.0  
287523.0 2686.0 4116.0  
295752.0 2760.0 3808.0  
297434.0 2704.0 3865.0  
287039.0 2712.0 3960.0  
288721.0 2656.0 4017.0  
287625.0 2679.0 4101.0  
295854.0 2753.0 3793.0  
297536.0 2697.0 3850.0  
298463.0 2720.0 3832.0  
287141.0 2705.0 3945.0  
288823.0 2649.0 4002.0  
289750.0 2672.0 3984.0  
296028.0 2794.0 3720.0  
297710.0 2738.0 3777.0  
298637.0 2761.0 3759.0  
287315.0 2746.0 3872.0  
288997.0 2690.0 3929.0  
289924.0 2713.0 3911.0  
296266.0 2834.0 3631.0  
297948.0 2778.0 3688.0  
298875.0 2801.0 3670.0  
287553.0 2786.0 3783.0  
289235.0 2730.0 3840.0  
290162.0 2753.0 3822.0  
284217.0 2784.0 3844.0  
297184.0 2801.0 3706.0  
288471.0 2753.0 3858.0  
297286.0 2794.0 3691.0  
286891.0 2802.0 3786.0  
288573.0 2746.0 3843.0  
297460.0 2835.0 3618.0  
288747.0 2787.0 3770.0  
282827.0 2792.0 3866.0  
284509.0 2736.0 3923.0  
295896.0 2802.0 3713.0  
297578.0 2746.0 3770.0  
287183.0 2754.0 3865.0  
288865.0 2698.0 3922.0  
297752.0 2787.0 3697.0  
289039.0 2739.0 3849.0  
297990.0 2827.0 3608.0  
289277.0 2779.0 3760.0  
274225.0 3801.0 2980.0  
276182.0 3474.0 3068.0  
275519.0 3617.0 3021.0  
281229.0 3770.0 2975.0  
292746.0 3812.0 2947.0  
295624.0 3598.0 3000.0  
294961.0 3741.0 2953.0  
297791.0 3395.0 3117.0  
296133.0 3390.0 3119.0  
295275.0 3531.0 3036.0  
294612.0 3674.0 2989.0  
298541.0 3344.0 3134.0  
298635.0 3423.0 3067.0  
303937.0 3458.0 3051.0  
297989.0 3481.0 3056.0  
297683.0 3485.0 3051.0  
297777.0 3564.0 2984.0  
303079.0 3599.0 2968.0  
297114.0 3707.0 2937.0  
302416.0 3742.0 2921.0  
311310.0 3672.0 2946.0  
316612.0 3707.0 2930.0  
310647.0 3815.0 2899.0  
315949.0 3850.0 2883.0  
329473.0 4060.0 2856.0  
329306.0 4078.0 2854.0  
329453.0 4097.0 2850.0  
297399.0 3544.0 3026.0  
299944.0 3361.0 3101.0  
305246.0 3396.0 3085.0  
300533.0 3591.0 2979.0  
305835.0 3626.0 2963.0  
299870.0 3734.0 2932.0  
305172.0 3769.0 2916.0  
314066.0 3699.0 2941.0  
319368.0 3734.0 2925.0  
313403.0 3842.0 2894.0  
318705.0 3877.0 2878.0  
326927.0 4052.0 2867.0  
332229.0 4087.0 2851.0  
332062.0 4105.0 2849.0  
326907.0 4089.0 2861.0  
332209.0 4124.0 2845.0  
298286.0 3356.0 3103.0  
303588.0 3391.0 3087.0  
297640.0 3414.0 3092.0  
297062.0 3367.0 3127.0  
297156.0 3446.0 3060.0  
296493.0 3589.0 3013.0  
297640.0 3438.0 3084.0  
297334.0 3418.0 3087.0  
297428.0 3497.0 3020.0  
300037.0 3464.0 3059.0  
302730.0 3532.0 3004.0  
296765.0 3640.0 2973.0  
302067.0 3675.0 2957.0  
297050.0 3477.0 3062.0  
304897.0 3329.0 3121.0  
301042.0 3383.0 3098.0  
306344.0 3418.0 3082.0  
300184.0 3524.0 3015.0  
305486.0 3559.0 2999.0  
299521.0 3667.0 2968.0  
304823.0 3702.0 2952.0  
319019.0 3667.0 2961.0  
318356.0 3810.0 2914.0  
297033.0 3830.0 2929.0  
302335.0 3865.0 2913.0  
310566.0 3938.0 2891.0  
315868.0 3973.0 2875.0  
305091.0 3892.0 2908.0  
318624.0 4000.0 2870.0  
332128.0 4247.0 2837.0  
299278.0 3399.0 3089.0  
298420.0 3540.0 3006.0  
297757.0 3683.0 2959.0  
300587.0 3337.0 3123.0  
298929.0 3332.0 3125.0  
298283.0 3390.0 3114.0  
297799.0 3422.0 3082.0  
297977.0 3394.0 3109.0  
298071.0 3473.0 3042.0  
297408.0 3616.0 2995.0  
302025.0 2867.0 3556.0  
293312.0 2819.0 3708.0  
302317.0 2819.0 3635.0  
293604.0 2771.0 3787.0  
302359.0 2868.0 3555.0  
293646.0 2820.0 3707.0  