246166.0,4999.0,4996.0
245589.0,5024.0,4924.0
245584.0,5049.0,4926.0
244941.0,5357.0,5071.0
245162.0,5351.0,5184.0
244585.0,5376.0,5112.0
245099.0,5308.0,5187.0
245010.0,5255.0,5240.0
245005.0,5280.0,5242.0
254238.0,4929.0,4865.0
250338.0,4852.0,4954.0
249761.0,4877.0,4882.0
249756.0,4902.0,4884.0
246843.0,4901.0,4972.0
246266.0,4926.0,4900.0
246261.0,4951.0,4902.0
245262.0,5278.0,5088.0
255523.0,5195.0,4719.0
251623.0,5118.0,4808.0
251046.0,5143.0,4736.0
251041.0,5168.0,4738.0
248128.0,5167.0,4826.0
247551.0,5192.0,4754.0
247546.0,5217.0,4756.0