40.7858 -74.135487 40.7861 -74.135287
40.7727 -74.140087 40.7744 -74.138487
40.7656 -74.150588 40.766 -74.150388
40.7753 -74.144988 40.7759 -74.144488
40.7753 -74.144988 40.7744 -74.143288
40.7656 -74.150588 40.7654 -74.149888
40.7783 -74.142588 40.7776 -74.141487
40.7708 -74.141888 40.7715 -74.141287
40.7783 -74.142588 40.7793 -74.141587
40.7858 -74.135487 40.7852 -74.133887
40.7748 -74.145488 40.7753 -74.144988
40.7635 -74.152188 40.7647 -74.151388
40.7727 -74.140087 40.7722 -74.139387
40.7635 -74.152188 40.7632 -74.151288
40.7826 -74.135787 40.7844 -74.134487
40.7826 -74.135787 40.7822 -74.135087
40.771 -74.140587 40.7706 -74.139887
40.7632 -74.151288 40.7628 -74.150588
40.7754 -74.137487 40.7773 -74.135587
40.7859 -74.142888 40.7863 -74.143688
40.771 -74.140587 40.7722 -74.139387
40.7759 -74.144488 40.776 -74.144388
40.7692 -74.142288 40.7688 -74.141588
40.7692 -74.142288 40.7703 -74.141187
40.7844 -74.134487 40.7846 -74.134287
40.760401 -74.154388 40.7623 -74.153088
40.7619 -74.152188 40.761601 -74.151388
40.7846 -74.134287 40.7852 -74.133887
40.7846 -74.134287 40.7843 -74.133587
40.775 -74.136687 40.7769 -74.134887
40.7744 -74.143288 40.775 -74.142988
40.760401 -74.154388 40.760001 -74.153488
40.7675 -74.144788 40.7672 -74.144088
40.7871 -74.141887 40.7859 -74.142888
40.7659 -74.141788 40.7655 -74.140887
40.7759 -74.142488 40.7767 -74.141988
40.7688 -74.141588 40.7684 -74.140687
40.7655 -74.140887 40.7651 -74.140187
40.775 -74.142988 40.7759 -74.142488
40.760001 -74.153488 40.759601 -74.152788
40.7822 -74.135087 40.7826 -74.134887
40.7672 -74.144088 40.7692 -74.142288
40.761601 -74.151388 40.761201 -74.150488
40.7655 -74.140887 40.7661 -74.140287
40.7809 -74.140387 40.782203 -74.139358
40.7672 -74.144088 40.7668 -74.143388
40.7703 -74.141187 40.771 -74.140587
40.7744 -74.143288 40.7735 -74.141688
40.7773 -74.135587 40.7794 -74.133887
40.7806 -74.136387 40.7802 -74.135587
40.7721 -74.147888 40.7732 -74.146788
40.7651 -74.140187 40.7647 -74.139487
40.7826 -74.134887 40.7821 -74.133887
40.763101 -74.141988 40.7651 -74.140187
40.7826 -74.134887 40.7837 -74.133987
40.7721 -74.147888 40.7717 -74.147088
40.763101 -74.141988 40.762601 -74.141088
40.7821 -74.133887 40.7831 -74.132987
40.781 -74.138987 40.781722 -74.13846
40.762601 -74.141088 40.763901 -74.140087
40.7706 -74.139887 40.7719 -74.138687
40.7628 -74.150588 40.7625 -74.149688
40.7837 -74.133987 40.7843 -74.133587
40.7669 -74.149488 40.7665 -74.148688
40.7837 -74.133987 40.7831 -74.132987
40.7668 -74.139787 40.7675 -74.139087
40.7684 -74.140687 40.768 -74.139887
40.761201 -74.150488 40.761701 -74.150288
40.7831 -74.132987 40.7827 -74.132187
40.7769 -74.134887 40.7791 -74.133187
40.783185 -74.141241 40.7805 -74.143688
40.7668 -74.143388 40.7688 -74.141588
40.7717 -74.147088 40.7713 -74.146288
40.7746 -74.135987 40.7765 -74.134087
40.761701 -74.150288 40.7625 -74.149688
40.7668 -74.143388 40.7664 -74.142488
40.7661 -74.140287 40.7668 -74.139787
40.761701 -74.150288 40.761401 -74.149588
40.7709 -74.148888 40.7721 -74.147888
40.781 -74.134787 40.7821 -74.133887
40.7654 -74.149888 40.765 -74.149088
40.7742 -74.135187 40.7748 -74.134587
40.7661 -74.140287 40.7654 -74.139087
40.7709 -74.148888 40.7693 -74.145888
40.7664 -74.142488 40.7684 -74.140687
40.7853 -74.145788 40.7849 -74.144888
40.781 -74.134787 40.7807 -74.134087
40.7725 -74.148688 40.7708 -74.152688
40.7802 -74.135587 40.781 -74.134787
40.7713 -74.146288 40.7707 -74.145188
40.7849 -74.144888 40.7863 -74.143688
40.7765 -74.134087 40.7786 -74.132387
40.7849 -74.144888 40.7846 -74.144088
40.758001 -74.154888 40.757701 -74.154288
40.7701 -74.149688 40.7709 -74.148888
40.7701 -74.149688 40.769 -74.147588
40.7807 -74.134087 40.7803 -74.133187
40.769 -74.147588 40.7683 -74.146388
40.7722 -74.139387 40.7719 -74.138687
40.776 -74.133387 40.776 -74.133287
40.768 -74.139887 40.7675 -74.139087
40.7802 -74.135587 40.7798 -74.134787
40.7722 -74.139387 40.774 -74.137687
40.759601 -74.152788 40.759301 -74.151888
40.774 -74.137687 40.775 -74.136687
40.757701 -74.154288 40.757401 -74.153488
40.7748 -74.134587 40.7754 -74.133987
40.7693 -74.145888 40.7707 -74.145188
40.7827 -74.132187 40.7823 -74.131387
40.7683 -74.146388 40.7693 -74.145888
40.7719 -74.138687 40.7714 -74.137887
40.7719 -74.138687 40.7736 -74.136987
40.756501 -74.154388 40.756601 -74.154288
40.7647 -74.139487 40.7654 -74.139087
40.7754 -74.133987 40.776 -74.133387
40.7846 -74.144088 40.7842 -74.143288
40.755501 -74.155488 40.756501 -74.154388
40.774 -74.137687 40.7736 -74.136987
40.755501 -74.155488 40.755201 -74.154688
40.7664 -74.142488 40.7659 -74.141788
40.7683 -74.146388 40.768 -74.145588
40.7746 -74.132587 40.7753 -74.132087
40.7739 -74.133087 40.7746 -74.132587
40.7823 -74.131387 40.7819 -74.130587
40.755201 -74.154688 40.756201 -74.153688
40.7707 -74.145188 40.7719 -74.144588
40.7842 -74.143288 40.7856 -74.142188
40.7714 -74.137887 40.7709 -74.137087
40.7842 -74.143288 40.7838 -74.142588
40.7738 -74.143688 40.7744 -74.143288
40.757401 -74.153488 40.757001 -74.152788
40.757401 -74.153488 40.758201 -74.152688
40.7702 -74.138987 40.7714 -74.137887
40.776 -74.133287 40.7766 -74.132587
40.763901 -74.140087 40.764401 -74.139687
40.756601 -74.154288 40.757401 -74.153488
40.7766 -74.132587 40.7782 -74.131587
40.7702 -74.138987 40.7698 -74.138187
40.764401 -74.139687 40.7647 -74.139487
40.7793 -74.141587 40.7804 -74.140787
40.756601 -74.154288 40.756201 -74.153688
40.7819 -74.130587 40.7815 -74.129887
40.7625 -74.149688 40.7637 -74.148788
40.7803 -74.133187 40.7823 -74.131387
40.7877 -74.138687 40.7882 -74.138187
40.7761 -74.131487 40.7776 -74.130387
40.7803 -74.133187 40.78 -74.132387
40.7753 -74.132087 40.7761 -74.131487
40.773 -74.143988 40.7738 -74.143688
40.773 -74.143988 40.7723 -74.142788
40.757001 -74.152788 40.756501 -74.152088
40.7815 -74.129887 40.7812 -74.128987
40.756201 -74.153688 40.755801 -74.152888
40.7698 -74.138187 40.77 -74.137987
40.78 -74.132387 40.7819 -74.130587
40.7731 -74.136287 40.7736 -74.135787
40.7731 -74.136287 40.7721 -74.134487
40.759301 -74.151888 40.761201 -74.150488
40.7799 -74.139987 40.7805 -74.139487
40.78 -74.132387 40.7796 -74.131587
40.7816 -74.147188 40.7827 -74.147188
40.7872 -74.139187 40.7884 -74.141787
40.7872 -74.139187 40.7877 -74.138687
40.7726 -74.136787 40.7731 -74.136287
40.7823 -74.146588 40.7816 -74.147188
40.7823 -74.146588 40.7827 -74.147188
40.761401 -74.149588 40.760901 -74.148688
40.755801 -74.152888 40.756001 -74.152588
40.7736 -74.135787 40.7742 -74.135187
40.753801 -74.155588 40.755201 -74.154688
40.7721 -74.134487 40.7726 -74.134087
40.759301 -74.151888 40.759001 -74.151188
40.7807 -74.147188 40.7816 -74.147188
40.7812 -74.128987 40.7808 -74.128287
40.77 -74.137987 40.7709 -74.137087
40.7807 -74.147188 40.7806 -74.146888
40.7849 -74.144888 40.7827 -74.147188
40.7796 -74.131587 40.7815 -74.129887
40.7726 -74.134087 40.7739 -74.133087
40.7671 -74.146988 40.7683 -74.146388
40.759001 -74.151188 40.758701 -74.150188
40.7796 -74.131587 40.7791 -74.130787
40.7866 -74.134887 40.7882 -74.138187
40.758201 -74.152688 40.759301 -74.151888
40.7791 -74.130787 40.7812 -74.128987
40.7814 -74.145088 40.7818 -74.145788
40.7861 -74.135287 40.7877 -74.138687
40.7814 -74.145088 40.7802 -74.146188
40.7723 -74.142788 40.7719 -74.142088
40.7818 -74.145788 40.7823 -74.146588
40.7861 -74.135287 40.7866 -74.134887
40.7736 -74.136987 40.7746 -74.135987
40.7791 -74.130787 40.7787 -74.129787
40.758701 -74.150188 40.758401 -74.149288
40.768 -74.145588 40.77 -74.143788
40.7818 -74.145788 40.7806 -74.146888
40.7806 -74.146888 40.7802 -74.146188
40.7856 -74.142188 40.787 -74.140787
40.7809 -74.144388 40.7814 -74.145088
40.7846 -74.144088 40.7823 -74.146588
40.7736 -74.136987 40.7731 -74.136287
40.77 -74.143788 40.7696 -74.143088
40.7703 -74.135887 40.770504 -74.135717
40.7842 -74.143288 40.7818 -74.145788
40.7846 -74.144088 40.7859 -74.142888
40.754701 -74.153888 40.754901 -74.153588
40.7838 -74.142588 40.7852 -74.141387
40.7714 -74.137887 40.7726 -74.136787
40.7805 -74.143688 40.7809 -74.144388
40.770504 -74.135717 40.7715 -74.134887
40.770504 -74.135717 40.770794 -74.127261
40.7852 -74.141387 40.7856 -74.142188
40.7715 -74.134887 40.7721 -74.134487
40.768 -74.145588 40.7675 -74.144788
40.7659 -74.147388 40.7671 -74.146988
40.7852 -74.141387 40.7865 -74.139787
40.756501 -74.152088 40.756401 -74.151688
40.7793 -74.141587 40.7789 -74.140787
40.7865 -74.139787 40.7872 -74.139187
40.7705 -74.136387 40.7703 -74.135887
40.7865 -74.139787 40.787 -74.140787
40.7665 -74.148688 40.7661 -74.147988
40.755501 -74.153088 40.755801 -74.152888
40.7776 -74.141487 40.7789 -74.140787
40.7709 -74.137087 40.7705 -74.136387
40.783574 -74.141987 40.7838 -74.142588
40.7799 -74.142688 40.7805 -74.143688
40.755501 -74.153088 40.754601 -74.149688
40.754901 -74.153588 40.755501 -74.153088
40.7696 -74.143088 40.7708 -74.141888
40.755201 -74.154688 40.754701 -74.153888
40.7661 -74.147988 40.7659 -74.147388
40.781895 -74.138766 40.782203 -74.139358
40.7696 -74.143088 40.7692 -74.142288
40.7789 -74.140787 40.7799 -74.139987
40.7804 -74.140787 40.7809 -74.140387
40.781895 -74.138766 40.7835 -74.137287
40.7794 -74.147088 40.7807 -74.147188
40.770794 -74.127261 40.7702 -74.126987
40.765 -74.149088 40.7646 -74.148188
40.781895 -74.138766 40.781722 -74.13846
40.756001 -74.152588 40.756501 -74.152088
40.7846 -74.136487 40.7865 -74.139787
40.7855 -74.135787 40.7872 -74.139187
40.7655 -74.146688 40.7675 -74.144788
40.7805 -74.139487 40.781 -74.138987
40.7646 -74.148188 40.7659 -74.147388
40.7798 -74.134787 40.7807 -74.134087
40.7659 -74.147388 40.7655 -74.146688
40.7794 -74.133887 40.7803 -74.133187
40.756401 -74.151688 40.756101 -74.150788
40.7846 -74.136487 40.7853 -74.135987
40.7798 -74.134787 40.7794 -74.133887
40.7655 -74.146688 40.7651 -74.145988
40.7835 -74.137287 40.7846 -74.136487
40.7637 -74.148788 40.7646 -74.148188
40.756101 -74.150788 40.755801 -74.149988
40.7637 -74.148788 40.7634 -74.148188
40.7835 -74.137287 40.783 -74.136587
40.7838 -74.142588 40.7814 -74.145088
40.7855 -74.135787 40.7858 -74.135487
40.7794 -74.133887 40.7791 -74.133187
40.7767 -74.141988 40.7776 -74.141487
40.755801 -74.149988 40.755601 -74.149088
40.7767 -74.141988 40.7763 -74.141387
40.7791 -74.133187 40.7786 -74.132387
40.758401 -74.149288 40.758101 -74.148488
40.7634 -74.148188 40.7631 -74.147288
40.781722 -74.13846 40.7814 -74.137887
40.7782 -74.131587 40.7791 -74.130787
40.7856 -74.142188 40.7859 -74.142888
40.7799 -74.142688 40.7793 -74.141587
40.7786 -74.132387 40.7782 -74.131587
40.783574 -74.141987 40.7809 -74.144388
40.7794 -74.147088 40.7782 -74.144388
40.7814 -74.137887 40.7811 -74.137087
40.7782 -74.131587 40.7776 -74.130387
40.7763 -74.141387 40.7757 -74.140687
40.7789 -74.147188 40.7794 -74.147088
40.783 -74.136587 40.7826 -74.135787
40.782203 -74.139358 40.782762 -74.14043
40.7789 -74.147188 40.7767 -74.143788
40.762601 -74.147588 40.7631 -74.147288
40.762601 -74.147588 40.762301 -74.146788
40.7772 -74.148188 40.778 -74.147488
40.762301 -74.146788 40.761901 -74.145888
40.7782 -74.144388 40.7775 -74.143388
40.7782 -74.144388 40.7789 -74.143688
40.7772 -74.148188 40.7763 -74.146588
40.778 -74.147488 40.7789 -74.147188
40.754401 -74.154088 40.754701 -74.153888
40.7811 -74.137087 40.7826 -74.135787
40.760901 -74.148688 40.760701 -74.147688
40.754601 -74.149688 40.755101 -74.149388
40.7647 -74.145188 40.7668 -74.143388
40.7725 -74.148688 40.7721 -74.147888
40.754401 -74.154088 40.753401 -74.150488
40.768 -74.151488 40.769 -74.150588
40.778 -74.147488 40.776 -74.144388
40.7811 -74.137087 40.7806 -74.136387
40.7757 -74.140687 40.7753 -74.139987
40.761901 -74.145888 40.7643 -74.144388
40.761901 -74.145888 40.761501 -74.145188
40.753401 -74.150488 40.752101 -74.145588
40.769 -74.150588 40.7678 -74.148588
40.783185 -74.141241 40.783574 -74.141987
40.768 -74.151488 40.7676 -74.150688
40.7651 -74.145988 40.7647 -74.145188
40.755101 -74.149388 40.755601 -74.149088
40.754001 -74.150088 40.752801 -74.145688
40.7767 -74.143788 40.7759 -74.142488
40.7647 -74.145188 40.7643 -74.144388
40.754901 -74.153588 40.754001 -74.150088
40.7753 -74.139987 40.7749 -74.139187
40.7643 -74.144388 40.7639 -74.143588
40.752801 -74.145688 40.753501 -74.145688
40.758301 -74.155688 40.760401 -74.154388
40.761501 -74.145188 40.7639 -74.143588
40.754601 -74.149688 40.753501 -74.145688
40.758301 -74.155688 40.758001 -74.154888
40.761501 -74.145188 40.761101 -74.144388
40.7639 -74.143588 40.763501 -74.142788
40.755601 -74.149088 40.757801 -74.147588
40.755601 -74.149088 40.754501 -74.145288
40.752101 -74.145588 40.752801 -74.145688
40.754101 -74.145388 40.754501 -74.145288
40.756801 -74.155188 40.756501 -74.154388
40.7639 -74.143588 40.7659 -74.141788
40.756801 -74.155188 40.757701 -74.154288
40.760701 -74.147688 40.760301 -74.146988
40.763501 -74.142788 40.7655 -74.140887
40.763501 -74.142788 40.763101 -74.141988
40.7678 -74.148588 40.769 -74.147588
40.760301 -74.146988 40.760001 -74.146188
40.782762 -74.14043 40.783185 -74.141241
40.758101 -74.148488 40.757801 -74.147588
40.7678 -74.148588 40.7671 -74.146988
40.7763 -74.146588 40.7753 -74.144988
40.753501 -74.145688 40.754101 -74.145388
40.760001 -74.146188 40.761501 -74.145188
40.7638 -74.152988 40.7651 -74.152188
40.7757 -74.147188 40.7763 -74.146588
40.7789 -74.143688 40.7799 -74.142688
40.7749 -74.139187 40.7744 -74.138487
40.7638 -74.152988 40.7635 -74.152188
40.7757 -74.147188 40.7753 -74.146288
40.7744 -74.138487 40.7754 -74.137487
40.757801 -74.147588 40.760001 -74.146188
40.7674 -74.151988 40.768 -74.151488
40.7623 -74.153088 40.7635 -74.152188
40.7623 -74.153088 40.7619 -74.152188
40.7744 -74.138487 40.774 -74.137687
40.7753 -74.146288 40.7748 -74.145488
40.754501 -74.145288 40.756601 -74.144588
40.7669 -74.152288 40.7674 -74.151988
40.7669 -74.152288 40.7666 -74.151588
40.7666 -74.151588 40.7664 -74.151288
40.7735 -74.141688 40.7731 -74.140887
40.7719 -74.142088 40.7715 -74.141287
40.7664 -74.151288 40.766 -74.150388
40.761101 -74.144388 40.760701 -74.143588
40.7651 -74.152188 40.7664 -74.151288
40.7651 -74.152188 40.7647 -74.151388
40.7853 -74.135987 40.7855 -74.135787
40.760701 -74.143588 40.760301 -74.142688
40.7647 -74.151388 40.7656 -74.150588
40.7669 -74.149488 40.7678 -74.148588
40.7775 -74.143388 40.7783 -74.142588
40.760701 -74.143588 40.763101 -74.141988
40.7715 -74.141287 40.7727 -74.140087
40.7676 -74.150688 40.7669 -74.149488
40.7715 -74.141287 40.771 -74.140587
40.755101 -74.149388 40.754101 -74.145388
40.757201 -74.145888 40.760701 -74.143588
40.7731 -74.140887 40.7727 -74.140087
40.766 -74.150388 40.7669 -74.149488