40.718771 -74.00696 40.719363 -74.006481
40.718147 -74.00744 40.718771 -74.00696
40.718771 -74.00696 40.718142 -74.005643
40.727201 -74.138487 40.728701 -74.136087
40.7799 -74.142688 40.7805 -74.143688
40.7799 -74.142688 40.781 -74.141888
40.7799 -74.142688 40.7793 -74.141587
40.730801 -74.132787 40.730601 -74.132787
40.730601 -74.132787 40.730401 -74.132787
40.730601 -74.132787 40.731901 -74.130687
40.729201 -74.135487 40.730601 -74.132787
40.756801 -74.155188 40.757701 -74.154288
40.733201 -74.128187 40.734501 -74.125687
40.734501 -74.125687 40.734501 -74.126487
40.734501 -74.125687 40.734601 -74.125187
40.734401 -74.125387 40.734501 -74.125687
40.736312 -74.001657 40.736086 -74.003239
40.736312 -74.001657 40.736939 -74.001827
40.728701 -74.136087 40.729201 -74.135487
40.728701 -74.136687 40.728701 -74.136087
40.758001 -74.154888 40.757701 -74.154288
40.728701 -74.136087 40.728801 -74.135187
40.757701 -74.154288 40.759601 -74.152788
40.732399 -74.00369 40.732777 -74.003471
40.732777 -74.003471 40.73232 -74.004946
40.735555 -74.001877 40.736312 -74.001657
40.733316 -74.001975 40.732777 -74.003471
40.7761 -74.147888 40.7757 -74.147188
40.732529 -74.003343 40.732777 -74.003471
40.736442 -74.000834 40.736312 -74.001657
40.730269 -74.002077 40.730814 -74.002355
40.730269 -74.002077 40.729829 -74.003529
40.7757 -74.147188 40.7763 -74.146588
40.7789 -74.143688 40.7799 -74.142688
40.7757 -74.147188 40.7753 -74.146288
40.730269 -74.002077 40.73076 -74.000992
40.775 -74.147888 40.7757 -74.147188
40.7753 -74.146288 40.7748 -74.145488
40.728954 -74.002646 40.730269 -74.002077
40.7748 -74.145488 40.7753 -74.144988
40.7748 -74.145488 40.7745 -74.144888
40.7739 -74.146288 40.7748 -74.145488
40.762701 -74.118587 40.761101 -74.116787
40.761101 -74.116787 40.762301 -74.116287
40.761101 -74.116787 40.757401 -74.112587
40.755901 -74.118587 40.761101 -74.116787
40.757401 -74.112587 40.754001 -74.108687
40.754001 -74.108687 40.756601 -74.100186
40.755391 -73.998704 40.75595 -73.998246
40.8062 -74.001683 40.8094 -74.001283
40.7754 -74.137487 40.775 -74.136687
40.798 -74.067485 40.7975 -74.066585
40.74499 -73.995334 40.746134 -73.998187
40.745493 -73.998645 40.746134 -73.998187
40.7975 -74.066585 40.7971 -74.066885
40.746134 -73.998187 40.746759 -73.997686
40.7975 -74.066585 40.796743 -74.064347
40.775 -74.136687 40.7769 -74.134887
40.775 -74.136687 40.7746 -74.135987
40.7984 -74.065785 40.7975 -74.066585
40.774 -74.137687 40.775 -74.136687
40.817662 -73.961003 40.817925 -73.961668
40.817925 -73.961668 40.818615 -73.960927
40.781319 -73.962847 40.780294 -73.961466
40.817925 -73.961668 40.817975 -73.961819
40.757774 -73.996916 40.758288 -73.998236
40.757113 -73.996526 40.757265 -73.997286
40.755391 -73.998704 40.756282 -74.000907
40.757265 -73.997286 40.757855 -73.998689
40.757265 -73.997286 40.757645 -73.99701
40.757645 -73.99701 40.757774 -73.996916
40.757774 -73.996916 40.757873 -73.99685
40.754001 -74.108687 40.750201 -74.104386
40.757265 -73.997286 40.756892 -73.996368
40.758071 -73.997261 40.757774 -73.996916
40.768364 -74.133844 40.767968 -74.133001
40.788645 -73.95714 40.781319 -73.962847
40.78438 -73.96738 40.781319 -73.962847
40.781319 -73.962847 40.778037 -73.966548
40.754001 -74.150088 40.752801 -74.145688
40.752801 -74.145688 40.753501 -74.145688
40.752801 -74.145688 40.752501 -74.144588
40.752101 -74.145588 40.752801 -74.145688
40.746134 -73.998187 40.747295 -74.000866
40.815282 -73.96411 40.817925 -73.961668
40.750601 -74.127487 40.750501 -74.126287
40.750501 -74.126287 40.750501 -74.125787
40.751301 -74.125787 40.750501 -74.126287
40.748201 -74.143888 40.748429 -74.142409
40.745801 -74.150488 40.745101 -74.150288
40.745101 -74.150288 40.744501 -74.150188
40.744901 -74.151688 40.745101 -74.150288
40.745101 -74.150288 40.745401 -74.148488
40.8256 -73.990783 40.8259 -73.991383
40.8225 -73.992483 40.8235 -73.991383
40.824 -73.992183 40.8256 -73.990783
40.8252 -73.989883 40.8256 -73.990783
40.8235 -73.991383 40.824 -73.992183
40.8235 -73.991383 40.8252 -73.989883
40.8231 -73.990683 40.8235 -73.991383
40.748101 -74.144888 40.748201 -74.143888
40.748201 -74.143888 40.749401 -74.144088
40.749501 -74.126987 40.750501 -74.126287
40.747801 -74.143588 40.748201 -74.143888
40.744603 -73.950535 40.7442 -73.94822
40.7886 -74.057985 40.7896 -74.056985
40.7896 -74.056985 40.7904 -74.057385
40.7896 -74.056985 40.7901 -74.057785
40.7442 -73.94822 40.743509 -73.94844
40.7442 -73.94822 40.744297 -73.94783
40.743611 -73.949328 40.7442 -73.94822
40.7895 -74.056685 40.7896 -74.056985
40.7902 -74.052285 40.7908 -74.053185
40.7894 -74.051685 40.7902 -74.052285
40.7892 -74.051085 40.7902 -74.052285
40.745101 -74.097886 40.743601 -74.089886
40.7875 -74.049385 40.788 -74.049885
40.7875 -74.049385 40.7881 -74.048985
40.7868 -74.050385 40.7875 -74.049385
40.787 -74.048885 40.7875 -74.049385
40.723115 -73.983063 40.722169 -73.980708
40.721512 -73.981275 40.722169 -73.980708
40.8126 -73.992383 40.8132 -73.992083
40.8132 -73.992083 40.8141 -73.993683
40.8132 -73.992083 40.8138 -73.991783
40.743601 -74.089886 40.743001 -74.088886
40.743601 -74.089886 40.743301 -74.088486
40.744001 -74.090186 40.743601 -74.089886
40.722169 -73.980708 40.721191 -73.978397
40.7838 -74.047485 40.7832 -74.047285
40.7832 -74.047285 40.7836 -74.048185
40.723944 -73.979443 40.722998 -73.977111
40.7832 -74.047285 40.783013 -74.047223
40.8129 -73.990783 40.8132 -73.992083
40.7832 -74.046685 40.7832 -74.047285
40.717502 -74.089786 40.718102 -74.089286
40.749195 -73.969998 40.748498 -73.968464
40.718102 -74.089286 40.719701 -74.092286
40.718102 -74.089286 40.718602 -74.088786
40.716202 -74.085886 40.718102 -74.089286
40.716202 -74.085886 40.716502 -74.085286
40.716502 -74.085286 40.718602 -74.088786
40.716502 -74.085286 40.717102 -74.084586
40.74817 -73.968726 40.748498 -73.968464
40.8342 -74.085386 40.8346 -74.086086
40.778021 -74.038528 40.779601 -74.038984
40.778021 -74.038528 40.778201 -74.038384
40.776302 -74.039777 40.778021 -74.038528
40.776264 -74.039085 40.778021 -74.038528
40.722998 -73.977111 40.72359 -73.976653
40.8342 -74.085386 40.8353 -74.084086
40.722998 -73.977111 40.722102 -73.974929
40.722423 -73.977525 40.722998 -73.977111
40.738201 -74.075986 40.738147 -74.075448
40.738147 -74.075448 40.738001 -74.073986
40.815 -74.104986 40.8145 -74.103886
40.748498 -73.968464 40.751995 -73.964937
40.815 -74.103586 40.8145 -74.103886
40.818004 -73.960432 40.818168 -73.960301
40.818004 -73.960432 40.818257 -73.960636
40.8145 -74.103886 40.8142 -74.103986
40.8145 -74.103886 40.8143 -74.103386
40.818004 -73.960432 40.81756 -73.960738
40.748498 -73.968464 40.748399 -73.968248
40.7902 -74.052285 40.791606 -74.050428
40.738147 -74.075448 40.738101 -74.075486
40.757735 -73.994902 40.758097 -73.994683
40.757735 -73.994902 40.757967 -73.995442
40.757424 -73.995401 40.757735 -73.994902
40.833283 -74.086242 40.8342 -74.085386
40.757735 -73.994902 40.757451 -73.993474
40.8338 -74.084886 40.8342 -74.085386
40.739301 -74.064985 40.739701 -74.064885
40.739301 -74.064985 40.739201 -74.064085
40.739201 -74.065785 40.739301 -74.064985
40.739001 -74.065185 40.739301 -74.064985
40.754894 -73.99758 40.755391 -73.998704
40.723701 -74.078586 40.724501 -74.078086
40.724501 -74.078086 40.724901 -74.078786
40.724501 -74.078086 40.724801 -74.077586
40.723001 -74.074886 40.724501 -74.078086
40.715402 -74.082986 40.716502 -74.085286
40.8179 -74.066485 40.8175 -74.066185
40.716802 -74.075986 40.717402 -74.075386
40.816996 -73.959397 40.818004 -73.960432
40.717402 -74.075386 40.717802 -74.076186
40.717402 -74.075386 40.718202 -74.074585
40.8175 -74.066185 40.8178 -74.065685
40.8175 -74.066185 40.8159 -74.065285
40.717002 -74.074585 40.717402 -74.075386
40.8171 -74.066685 40.8175 -74.066185
40.715702 -74.076986 40.716302 -74.078086
40.715702 -74.076986 40.716202 -74.076486
40.715002 -74.077586 40.715702 -74.076986
40.8097 -74.001983 40.8094 -74.001283
40.714602 -74.075185 40.715702 -74.076986
40.8084 -74.001983 40.8094 -74.001283
40.720102 -74.070585 40.720902 -74.072485
40.720102 -74.070585 40.720702 -74.070185
40.719402 -74.070985 40.720102 -74.070585
40.719302 -74.068985 40.720102 -74.070585
40.7925 -74.021184 40.7934 -74.019584
40.7882 -74.020384 40.7895 -74.019284
40.8049 -74.073685 40.8045 -74.073185
40.8045 -74.073185 40.8049 -74.073185
40.8045 -74.073185 40.8032 -74.071285
40.8031 -74.072985 40.8045 -74.073185
40.743101 -74.056485 40.744001 -74.058685
40.801883 -73.961107 40.804088 -73.960423
40.8025 -74.070185 40.802 -74.069485
40.802 -74.069485 40.8014 -74.068585
40.802 -74.069485 40.8048 -74.065585
40.8011 -74.070685 40.802 -74.069485
40.801209 -73.961523 40.801883 -73.961107
40.801883 -73.961107 40.803028 -73.963853
40.801236 -73.959659 40.801883 -73.961107
40.742501 -74.056985 40.743101 -74.056485
40.743101 -74.056485 40.743801 -74.055985
40.7934 -74.019584 40.7937 -74.019184
40.742401 -74.054885 40.743101 -74.056485
40.7932 -74.018984 40.7934 -74.019584
40.7938 -74.015884 40.7943 -74.016884
40.7938 -74.015884 40.7945 -74.015284
40.7924 -74.017084 40.7938 -74.015884
40.7934 -74.014984 40.7938 -74.015884
40.865953 -74.024202 40.865699 -74.023184
40.865499 -74.023484 40.865499 -74.023184
40.865499 -74.023184 40.865576 -74.023184
40.865499 -74.023184 40.865199 -74.021084
40.865576 -74.023184 40.865699 -74.023184
40.865699 -74.023184 40.866299 -74.022984
40.865699 -74.023184 40.865599 -74.022584
40.736101 -74.055885 40.736701 -74.055385
40.864699 -74.023384 40.865499 -74.023184
40.736701 -74.055385 40.737301 -74.056585
40.736701 -74.055385 40.737201 -74.055285
40.736701 -74.055385 40.735901 -74.054185
40.861399 -74.024084 40.860999 -74.022484
40.860999 -74.022484 40.861799 -74.022184
40.860999 -74.022484 40.860615 -74.020784
40.859999 -74.022784 40.860999 -74.022484
40.7965 -74.007983 40.7974 -74.010083
40.7965 -74.007983 40.797 -74.007583
40.7921 -74.020384 40.7934 -74.019584
40.738301 -74.051985 40.738501 -74.052685
40.7895 -74.019284 40.7901 -74.018884
40.7895 -74.019284 40.789921 -74.020126
40.738301 -74.051985 40.739001 -74.051485
40.737701 -74.052585 40.738301 -74.051985
40.7889 -74.017984 40.7895 -74.019284
40.737701 -74.050785 40.738301 -74.051985
40.866599 -74.019984 40.866799 -74.021184
40.866599 -74.019984 40.867199 -74.019683
40.865799 -74.020284 40.866599 -74.019984
40.866199 -74.017583 40.866599 -74.019984
40.738001 -74.048085 40.738701 -74.047685
40.738701 -74.047685 40.738801 -74.047785
40.738401 -74.046785 40.738701 -74.047685
40.7925 -74.013784 40.7927 -74.014484
40.781601 -74.014784 40.782201 -74.014384
40.782201 -74.014384 40.782901 -74.013884
40.7925 -74.013784 40.793 -74.013284
40.7913 -74.014684 40.7914 -74.015084
40.7913 -74.014684 40.7919 -74.014084
40.7909 -74.013884 40.7913 -74.014684
40.7903 -74.015484 40.7913 -74.014684
40.7919 -74.014084 40.7925 -74.013784
40.7914 -74.011384 40.7925 -74.013784
40.781601 -74.012984 40.782201 -74.014384
40.737696 -74.047339 40.738701 -74.047685
40.774301 -74.027584 40.774601 -74.027284
40.774601 -74.027284 40.775101 -74.026884
40.774101 -74.026284 40.774601 -74.027284
40.729201 -74.039785 40.730101 -74.039685
40.718002 -74.055785 40.717402 -74.055785
40.717402 -74.055785 40.717427 -74.05596
40.729201 -74.039785 40.729001 -74.038684
40.769101 -74.024584 40.769501 -74.025484
40.769101 -74.024584 40.769401 -74.024284
40.768701 -74.024884 40.769101 -74.024584
40.789743 -73.950276 40.78903 -73.948698
40.717402 -74.055785 40.718002 -74.055485
40.717202 -74.054485 40.717402 -74.055785
40.78903 -73.948698 40.789654 -73.948196
40.78903 -73.948698 40.788333 -73.947098
40.762401 -74.026184 40.763601 -74.024884
40.763601 -74.024884 40.763901 -74.024784
40.763601 -74.024884 40.763842 -74.024643
40.763201 -74.024684 40.763601 -74.024884
40.8317 -74.003083 40.8322 -74.002683
40.8317 -74.003083 40.8319 -74.003383
40.7846 -74.144088 40.7859 -74.142888
40.8307 -74.004083 40.8317 -74.003083
40.8309 -74.001583 40.8317 -74.003083
40.759362 -73.951816 40.759971 -73.951269
40.710502 -74.054585 40.711102 -74.054285
40.710502 -74.054585 40.710902 -74.054985
40.710502 -74.054585 40.709102 -74.056385
40.710502 -74.054585 40.710002 -74.052385
40.759971 -73.951269 40.761118 -73.949703
40.759971 -73.951269 40.760981 -73.95176
40.729301 -74.041285 40.729201 -74.039785
40.759971 -73.951269 40.761009 -73.951523
40.796146 -74.008253 40.7965 -74.007983
40.7957 -74.006283 40.7965 -74.007983
40.752901 -74.111087 40.754001 -74.108687
40.754717 -73.999162 40.755895 -74.002015
40.755895 -74.002015 40.755993 -74.002257
40.728901 -74.039885 40.729201 -74.039785
40.752186 -74.000993 40.753331 -74.003933
40.752789 -74.004304 40.753331 -74.003933
40.753331 -74.003933 40.754558 -74.006699
40.755895 -74.002015 40.755961 -74.001966
40.754717 -73.999162 40.755391 -73.998704
40.7846 -74.144088 40.7842 -74.143288
40.753331 -74.003933 40.753929 -74.003498
40.767968 -74.133001 40.7673 -74.134087
40.767968 -74.133001 40.767608 -74.132234
40.7681 -74.132787 40.767968 -74.133001
40.751101 -74.050185 40.751701 -74.049885
40.730992 -74.03477 40.731149 -74.036298
40.751701 -74.049885 40.752601 -74.052185
40.751701 -74.049885 40.752301 -74.049485
40.726586 -74.009802 40.728084 -74.009556
40.726586 -74.009802 40.726687 -74.01071
40.726503 -74.009824 40.726586 -74.009802
40.751201 -74.048685 40.751701 -74.049885
40.726518 -74.009001 40.726586 -74.009802
40.751301 -74.039685 40.752501 -74.038985
40.751301 -74.039685 40.751501 -74.040485
40.730992 -74.03477 40.730381 -74.034896
40.750701 -74.039985 40.751301 -74.039685
40.750901 -74.038785 40.751301 -74.039685
40.729919 -74.032815 40.730992 -74.03477
40.7846 -74.144088 40.7823 -74.146588
40.738273 -74.075194 40.738147 -74.075448
40.732174 -74.034526 40.730992 -74.03477
40.719534 -74.008559 40.718771 -74.00696