40.8419 -73.999383 40.843 -74.001683
40.724792 -74.004355 40.72576 -74.003311
40.725379 -74.002534 40.72576 -74.003311
40.843 -74.001683 40.8436 -74.001283
40.734038 -73.995433 40.735381 -73.998609
40.743717 -73.988347 40.743103 -73.986812
40.7945 -74.055685 40.7941 -74.055285
40.777601 -74.045285 40.776801 -74.044885
40.719568 -73.975592 40.719337 -73.97529
40.723702 -74.063885 40.724701 -74.063185
40.734201 -74.055485 40.735101 -74.056485
40.8329 -74.010283 40.8336 -74.010083
40.768101 -74.023584 40.768601 -74.023784
40.719402 -74.055385 40.720202 -74.055085
40.761101 -74.032684 40.761301 -74.033384
40.714602 -74.059385 40.715102 -74.059985
40.8243 -74.008783 40.8247 -74.006583
40.78507 -74.008047 40.784905 -74.008185