40.718515 -74.009408 40.719305 -74.009187
40.727736 -74.035056 40.726752 -74.035311
40.729056 -74.031661 40.727232 -74.031762
40.726752 -74.035311 40.7261 -74.035499
40.729243 -74.031651 40.729056 -74.031661
40.750201 -74.029684 40.750401 -74.030684
40.730301 -74.138087 40.729001 -74.139187
40.751201 -74.027484 40.751301 -74.028384
40.751201 -74.027484 40.752501 -74.027084
40.717873 -74.009476 40.718515 -74.009408
40.729701 -74.137087 40.730301 -74.138087
40.723601 -74.144988 40.725001 -74.142787
40.751101 -74.026684 40.751201 -74.027484
40.725201 -74.142987 40.725001 -74.142787
40.725001 -74.142787 40.724401 -74.142187
40.7706 -74.152188 40.7725 -74.148688
40.728501 -74.137287 40.728701 -74.137087
40.714601 -74.135587 40.713801 -74.136087
40.729343 -74.136514 40.728701 -74.137087
40.737001 -74.135087 40.737001 -74.134087
40.714601 -74.135587 40.713201 -74.130487
40.737001 -74.134087 40.738801 -74.134687
40.728701 -74.137087 40.728701 -74.136687
40.737001 -74.134087 40.737101 -74.133187
40.734201 -74.133487 40.732801 -74.133287
40.734201 -74.132387 40.734201 -74.133487
40.732801 -74.133287 40.733401 -74.132087
40.732801 -74.133287 40.730801 -74.132787
40.733401 -74.132087 40.734201 -74.132387
40.805262 -73.995016 40.805603 -73.99474
40.729901 -74.132587 40.728701 -74.132387
40.805603 -73.99474 40.805848 -73.994544
40.805603 -73.99474 40.804904 -73.994106
40.728701 -74.132387 40.727201 -74.132187
40.734401 -74.128487 40.734201 -74.132387
40.7626 -74.153888 40.7623 -74.153088
40.7623 -74.153088 40.7635 -74.152188
40.7623 -74.153088 40.7619 -74.152188
40.734796 -74.007077 40.734651 -74.008312
40.734601 -74.125187 40.735101 -74.123687
40.733898 -74.002458 40.73427 -74.001667
40.734101 -74.123887 40.734101 -74.124387
40.731601 -74.125087 40.734101 -74.123887
40.735101 -74.123687 40.738201 -74.123387
40.733901 -74.123387 40.734101 -74.123887
40.8498 -74.000383 40.850599 -73.999483
40.735101 -74.123687 40.735101 -74.118387
40.760001 -74.153488 40.7619 -74.152188
40.734796 -74.007077 40.735191 -74.006967
40.760001 -74.153488 40.759601 -74.152788
40.733001 -74.120187 40.733101 -74.120787
40.733001 -74.120187 40.732101 -74.120687
40.732101 -74.120687 40.727401 -74.122687
40.732701 -74.118987 40.733001 -74.120187
40.734974 -74.006037 40.734796 -74.007077
40.727401 -74.122687 40.726801 -74.122887
40.728801 -74.135187 40.728701 -74.132387
40.758001 -74.154888 40.760001 -74.153488
40.8498 -73.996383 40.8492 -73.995283
40.727201 -74.132187 40.726801 -74.130787
40.726801 -74.130787 40.728301 -74.128687
40.755501 -74.155488 40.755201 -74.154688
40.725501 -74.131987 40.726801 -74.130787
40.725001 -74.129487 40.714601 -74.135587
40.732832 -74.005658 40.73293 -74.005289
40.732832 -74.005658 40.732638 -74.005355
40.755201 -74.154688 40.756201 -74.153688
40.757401 -74.153488 40.757001 -74.152788
40.756601 -74.154288 40.757401 -74.153488
40.727831 -74.127965 40.727401 -74.122687
40.8492 -73.995283 40.8497 -73.994683
40.8492 -73.995283 40.8489 -73.994483
40.7728 -74.149088 40.7725 -74.148688
40.732832 -74.005658 40.732527 -74.005626
40.8416 -73.997583 40.8419 -73.999383
40.728622 -74.001977 40.72969 -74.001084
40.8401 -73.998383 40.8391 -73.996483
40.733316 -74.001975 40.733898 -74.002458
40.733579 -74.001714 40.733898 -74.002458
40.8391 -73.996483 40.837716 -73.99432
40.8384 -73.996983 40.8389 -73.996583
40.8379 -73.997483 40.8384 -73.996983
40.755601 -74.149088 40.757801 -74.147588
40.726438 -74.031806 40.726752 -74.035311
40.8389 -73.996583 40.8391 -73.996483
40.8383 -73.999983 40.8389 -73.999383
40.731042 -74.001683 40.730814 -74.002355
40.731042 -74.001683 40.731552 -74.001356
40.8373 -73.998083 40.8383 -73.999983
40.837 -73.994383 40.8384 -73.996983
40.73076 -74.000992 40.731042 -74.001683
40.724996 -74.006844 40.724911 -74.005848
40.852499 -73.994383 40.851999 -73.993683
40.722226 -74.005558 40.722294 -74.006294
40.768155 -73.990589 40.76896 -73.992527
40.851999 -73.993683 40.853499 -73.992183
40.83652 -74.016769 40.8368 -74.016984
40.8502 -73.995483 40.851999 -73.993683
40.769 -74.147588 40.7683 -74.146388
40.7683 -74.146388 40.7693 -74.145888
40.724712 -74.004078 40.724792 -74.004355
40.724494 -74.005934 40.724911 -74.005848
40.724911 -74.005848 40.724676 -74.006262
40.724269 -74.005981 40.724494 -74.005934
40.736816 -73.956555 40.73696 -73.955038
40.724782 -74.006758 40.724269 -74.005981
40.737586 -73.955165 40.737875 -73.952825
40.73696 -73.955038 40.737586 -73.955165
40.7671 -74.146988 40.7683 -74.146388
40.736251 -73.954913 40.73696 -73.955038
40.723644 -74.006071 40.724269 -74.005981
40.737875 -73.952825 40.73789 -73.952587
40.737317 -73.952763 40.737875 -73.952825
40.737214 -73.952331 40.736648 -73.950493
40.725467 -74.004352 40.724792 -74.004355
40.8448 -73.991583 40.8463 -73.989983
40.736473 -73.952183 40.737214 -73.952331
40.737298 -73.952612 40.737214 -73.952331
40.8463 -73.989983 40.8459 -73.989283
40.72576 -74.003311 40.726009 -74.003873
40.8463 -73.989983 40.8476 -73.988683
40.718733 -74.005164 40.719363 -74.006481
40.725379 -74.002534 40.726628 -74.00151
40.725032 -74.001821 40.725379 -74.002534
40.760013 -74.002471 40.760194 -74.00234
40.722031 -74.006533 40.722294 -74.006294
40.719507 -74.005117 40.718733 -74.005164
40.8498 -74.000383 40.850299 -74.001383
40.773395 -73.993024 40.779669 -73.988529
40.718733 -74.005164 40.719325 -74.004728
40.74499 -73.995334 40.745614 -73.994855
40.7934 -74.069285 40.7928 -74.069685
40.7971 -74.066885 40.7934 -74.069285
40.743625 -73.996294 40.744836 -73.999124
40.744836 -73.999124 40.745493 -73.998645
40.745614 -73.994855 40.746759 -73.997686
40.7933 -74.068985 40.7934 -74.069285
40.7938 -74.066585 40.7942 -74.067385
40.7684 -74.140687 40.768 -74.139887
40.7979 -74.060085 40.7987 -74.059885
40.7684 -74.140687 40.7694 -74.139787
40.7664 -74.142488 40.7684 -74.140687
40.744469 -73.992046 40.745614 -73.994855
40.81766 -73.960997 40.817662 -73.961003
40.787804 -73.966819 40.787922 -73.96762
40.745441 -73.971017 40.746707 -73.96973
40.774 -74.137687 40.7736 -74.136987
40.7923 -74.068385 40.7938 -74.066585
40.7933 -74.065885 40.7938 -74.066585
40.843 -74.001683 40.8433 -74.002883
40.7736 -74.136987 40.7746 -74.135987
40.7736 -74.136987 40.7731 -74.136287
40.7987 -74.059885 40.8002 -74.063285
40.8342 -73.992583 40.835721 -73.991569
40.7987 -74.059885 40.7996 -74.059785
40.8376 -73.990683 40.8396 -73.989283
40.8398 -73.989683 40.8396 -73.989283
40.718267 -73.975512 40.719337 -73.97529
40.735381 -73.998609 40.735792 -73.998347
40.771467 -73.97735 40.77241 -73.978862
40.734038 -73.995433 40.733342 -73.993813
40.7944 -74.058385 40.7956 -74.060385
40.8342 -73.992583 40.8346 -73.993183
40.735613 -73.97507 40.737434 -73.974804
40.73343 -73.995891 40.734038 -73.995433
40.758101 -74.148488 40.757801 -74.147588
40.7928 -74.069685 40.789857 -74.071676
40.73343 -73.995891 40.732767 -73.994314
40.789857 -74.071676 40.7894 -74.071985
40.757801 -74.147588 40.757447 -74.146584
40.835268 -73.99075 40.8355 -73.990583
40.8383 -73.999983 40.8394 -74.001783
40.8355 -73.990583 40.8361 -73.990783
40.7944 -74.058385 40.7947 -74.058385
40.716877 -74.012814 40.717457 -74.013915
40.717457 -74.013915 40.71754 -74.014131
40.717457 -74.013915 40.716994 -74.014186
40.8333 -73.991083 40.8355 -73.990583
40.833997 -73.992299 40.8342 -73.992583
40.732767 -73.994314 40.733342 -73.993813
40.8324 -73.990783 40.834 -73.989483
40.834 -73.989483 40.834108 -73.989727
40.834 -73.989483 40.8347 -73.989083
40.732767 -73.994314 40.731722 -73.991937
40.8396 -73.989283 40.8394 -73.988983
40.753801 -74.155588 40.755201 -74.154688
40.75807 -73.996719 40.758494 -73.997812
40.8292 -73.998383 40.8298 -73.999583
40.8292 -73.998383 40.8298 -73.997883
40.757873 -73.99685 40.75807 -73.996719
40.743358 -73.989323 40.744469 -73.992046
40.791431 -73.962726 40.789371 -73.95732
40.789371 -73.95732 40.78883 -73.956762
40.789371 -73.95732 40.788645 -73.95714
40.8283 -73.996883 40.828671 -73.997501
40.743358 -73.989323 40.744082 -73.989189
40.828671 -73.997501 40.8292 -73.998383
40.8283 -73.996883 40.8289 -73.996183
40.8274 -73.995383 40.8283 -73.996883
40.743109 -73.988783 40.743358 -73.989323
40.743717 -73.988347 40.744082 -73.989189
40.743109 -73.988783 40.743717 -73.988347
40.769664 -73.974652 40.771467 -73.97735
40.775501 -74.062485 40.777359 -74.066056
40.765401 -74.069985 40.765001 -74.069785
40.772453 -73.976652 40.771467 -73.97735
40.744836 -73.999124 40.745947 -74.001891
40.743103 -73.986812 40.743662 -73.986376
40.774001 -74.063785 40.775501 -74.062485
40.742429 -73.987227 40.743103 -73.986812
40.7673 -74.134613 40.767177 -74.134333
40.817651 -73.96101 40.81766 -73.960997
40.8237 -73.996083 40.8241 -73.995583
40.8138 -73.997783 40.815 -73.999683
40.8138 -73.997783 40.8145 -73.996883
40.765001 -74.069785 40.769391 -74.064225
40.76339 -73.949214 40.763772 -73.950251
40.764401 -74.071185 40.765001 -74.069785
40.765901 -74.061885 40.765901 -74.060385
40.737501 -73.974955 40.737434 -73.974804
40.764201 -74.060385 40.765901 -74.060385
40.8133 -73.996983 40.8138 -73.997783
40.735381 -73.998609 40.735333 -73.999172
40.767177 -74.134333 40.766834 -74.133563
40.8115 -73.997683 40.813 -73.996383
40.8115 -73.997683 40.8118 -73.998483
40.736697 -73.974891 40.737434 -73.974804
40.8107 -73.999183 40.8108 -73.999583
40.8107 -73.999183 40.8118 -73.998483
40.8097 -73.999883 40.8107 -73.999183
40.8102 -73.997683 40.8112 -73.996883
40.8112 -73.996883 40.8115 -73.997683
40.8099 -73.997083 40.8102 -73.997683
40.8089 -73.998483 40.8102 -73.997683
40.765901 -74.060385 40.769001 -74.057285
40.756997 -73.995945 40.757113 -73.996526
40.745101 -74.159988 40.745101 -74.158088
40.820173 -73.959333 40.820224 -73.959465
40.820224 -73.959465 40.820865 -73.958963
40.820224 -73.959465 40.820257 -73.959552
40.746201 -74.158088 40.745101 -74.158088
40.745101 -74.158088 40.745201 -74.157088
40.757004 -73.995699 40.756997 -73.995945
40.756997 -73.995945 40.756943 -73.995857
40.746401 -74.156188 40.746701 -74.154188
40.743801 -74.157988 40.743401 -74.157988
40.744501 -74.158088 40.743801 -74.157988
40.749991 -73.987903 40.750681 -73.987444
40.743701 -74.158488 40.743801 -74.157988
40.8298 -73.999583 40.8306 -74.000983
40.8001 -74.053985 40.800348 -74.054544
40.7997 -74.053385 40.79992 -74.053715
40.79992 -74.053715 40.8001 -74.053985
40.7923 -74.055385 40.7944 -74.058385
40.746701 -74.154188 40.747401 -74.154388
40.7997 -74.053385 40.8003 -74.052785
40.746701 -74.154188 40.746901 -74.153088
40.742401 -74.154588 40.742401 -74.153888
40.742401 -74.153888 40.742501 -74.151988
40.742401 -74.153888 40.742301 -74.153788
40.749354 -73.984203 40.750681 -73.987444
40.730801 -73.986638 40.729772 -73.984132
40.8292 -73.989383 40.8296 -73.990083
40.7929 -74.058485 40.7933 -74.059085
40.743402 -73.955868 40.742966 -73.953575
40.8261 -73.990183 40.827 -73.991683
40.8261 -73.990183 40.8268 -73.989683
40.8292 -73.989383 40.831 -73.988183
40.7983 -74.054385 40.7997 -74.053385
40.742438 -73.958277 40.741846 -73.958497
40.7979 -74.053585 40.7983 -74.054385
40.742324 -73.960063 40.741846 -73.958497
40.7973 -74.053985 40.7979 -74.053585
40.8241 -73.995583 40.824315 -73.995906
40.8237 -73.994783 40.8241 -73.995583
40.744101 -74.150288 40.743301 -74.150188
40.743301 -74.150188 40.742601 -74.150188
40.7945 -74.055685 40.7949 -74.055185
40.741846 -73.958497 40.741731 -73.958541
40.7939 -74.056185 40.7945 -74.055685
40.743301 -74.150188 40.743301 -74.149188
40.7941 -74.055285 40.793998 -74.055163
40.7941 -74.055285 40.7944 -74.054785
40.8024 -74.051885 40.802295 -74.052136
40.743723 -73.953333 40.742966 -73.953575
40.742966 -73.953575 40.74258 -73.951434
40.8212 -73.990283 40.8223 -73.989283
40.7976 -74.052885 40.7979 -74.053585
40.8289 -73.988783 40.8292 -73.989383
40.746001 -73.950007 40.745499 -73.947736
40.7924 -74.058885 40.7929 -74.058485
40.7914 -74.058285 40.7929 -74.058485
40.745801 -74.131487 40.746301 -74.129687
40.746207 -73.947515 40.745499 -73.947736
40.729164 -73.98459 40.729772 -73.984132
40.746301 -74.129687 40.746801 -74.128687
40.747301 -74.126187 40.746301 -74.129687
40.729772 -73.984132 40.728876 -73.981994
40.8253 -73.982583 40.8264 -73.984383
40.784778 -74.078618 40.7851 -74.077586
40.8253 -73.982583 40.8258 -73.981983
40.749201 -74.117987 40.748301 -74.113787
40.749201 -74.117987 40.749901 -74.116987
40.8223 -73.989283 40.8237 -73.987683
40.744501 -74.121587 40.749201 -74.117987
40.743701 -74.121987 40.744401 -74.121887
40.743701 -74.121987 40.744501 -74.121587
40.743611 -73.949328 40.74312 -73.950326
40.74536 -73.946893 40.745499 -73.947736
40.743301 -74.122087 40.743701 -74.121987
40.745804 -73.945222 40.745686 -73.94453
40.8242 -73.985983 40.825 -73.987483
40.8242 -73.985983 40.8247 -73.985583
40.745804 -73.945222 40.745491 -73.945332
40.8237 -73.986383 40.8242 -73.985983
40.746495 -73.945023 40.745804 -73.945222
40.743336 -73.948511 40.743295 -73.948528
40.732001 -74.116787 40.731301 -74.113487
40.8219 -73.988683 40.8223 -73.989283
40.821665 -73.988306 40.8214 -73.987883
40.8203 -73.988583 40.8214 -73.987883
40.731301 -74.113487 40.731501 -74.113387
40.731301 -74.113487 40.731301 -74.113287
40.8214 -73.987883 40.8223 -73.987783
40.7807 -74.055985 40.7845 -74.052585
40.7882 -74.050185 40.7892 -74.051085
40.788 -74.049885 40.7882 -74.050185
40.724718 -73.984938 40.723773 -73.982605
40.741654 -73.950357 40.741503 -73.949448
40.723773 -73.982605 40.724397 -73.98219
40.723115 -73.983063 40.723773 -73.982605
40.741359 -73.950748 40.741503 -73.949448
40.741765 -73.949057 40.741503 -73.949448
40.735701 -74.105886 40.734501 -74.101886
40.734501 -74.106586 40.734501 -74.101886
40.734501 -74.101886 40.734601 -74.100986
40.739857 -73.944759 40.739779 -73.944294
40.722794 -73.980294 40.723386 -73.979901
40.740384 -73.944713 40.739857 -73.944759
40.739857 -73.944759 40.739199 -73.944958
40.7849 -74.049585 40.7856 -74.048085
40.789857 -74.071676 40.790281 -74.072797
40.7856 -74.048085 40.7862 -74.048485
40.7851 -74.047885 40.7856 -74.048085
40.722794 -73.980294 40.721766 -73.977961
40.742701 -74.087586 40.743001 -74.086586
40.743101 -74.086986 40.743001 -74.086586
40.743001 -74.086586 40.742901 -74.086286
40.7844 -74.044785 40.786971 -74.043339
40.74312 -73.950326 40.742809 -73.950935
40.749778 -73.977618 40.750436 -73.977159
40.743295 -73.948528 40.742111 -73.948946
40.740901 -74.086586 40.741101 -74.086086
40.74312 -73.950326 40.74299 -73.949399
40.742501 -74.084686 40.742301 -74.084786
40.7821 -74.046885 40.781801 -74.046785
40.781801 -74.046785 40.781201 -74.046585
40.781801 -74.046785 40.781129 -74.046737
40.750436 -73.977159 40.749739 -73.97556
40.735101 -74.091786 40.736401 -74.084786
40.741101 -74.086086 40.741501 -74.083886
40.736401 -74.084786 40.737601 -74.078286
40.743191 -73.948824 40.743295 -73.948528
40.8096 -73.993283 40.8105 -73.992483
40.8091 -73.993683 40.8096 -73.993283
40.8094 -73.992683 40.8096 -73.993283
40.783484 -74.034038 40.7842 -74.035984
40.783052 -74.034366 40.783484 -74.034038
40.8182 -73.986883 40.8189 -73.987983
40.8182 -73.986883 40.819 -73.986183
40.781855 -74.035384 40.782461 -74.034865
40.782461 -74.034865 40.783201 -74.036684
40.782461 -74.034865 40.783052 -74.034366
40.780101 -74.057385 40.7807 -74.055985
40.8178 -73.987383 40.8182 -73.986883
40.777601 -74.057985 40.7807 -74.055985
40.779301 -74.037584 40.779601 -74.038984
40.8239 -73.980183 40.8253 -73.982583
40.778801 -74.048285 40.778101 -74.046685
40.778101 -74.046685 40.777198 -74.046227
40.7857 -74.033384 40.7863 -74.032984
40.758201 -74.050985 40.759601 -74.050185
40.758201 -74.050985 40.758401 -74.051585
40.757901 -74.050185 40.758201 -74.050985
40.7453 -73.970868 40.746707 -73.96973
40.781102 -73.987604 40.779669 -73.988529
40.758401 -74.048585 40.759101 -74.049185
40.758401 -74.048585 40.758497 -74.048525
40.759201 -74.048085 40.759401 -74.048885
40.759201 -74.048085 40.759801 -74.047685
40.750475 -73.979195 40.751066 -73.978758
40.757801 -74.049085 40.758401 -74.048585
40.750436 -73.977159 40.751011 -73.976745
40.778601 -74.046685 40.778101 -74.046685
40.783794 -74.0793 40.784778 -74.078618
40.777601 -74.045285 40.777501 -74.044885
40.784081 -74.078572 40.784778 -74.078618
40.777901 -74.045385 40.777601 -74.045285
40.777177 -74.046248 40.776801 -74.044885
40.776201 -74.044885 40.776801 -74.044885
40.742001 -74.084986 40.741101 -74.086086
40.742401 -74.084986 40.742301 -74.084786
40.742301 -74.084786 40.742001 -74.084986
40.776301 -74.041885 40.776101 -74.041285
40.734501 -74.080986 40.736401 -74.084786
40.776101 -74.041285 40.776001 -74.040985
40.775301 -74.041885 40.776101 -74.041285
40.776001 -74.040985 40.775701 -74.040084
40.8358 -74.087886 40.837 -74.086786
40.837 -74.086786 40.8374 -74.087486
40.741701 -74.083586 40.742201 -74.082986
40.8001 -74.053985 40.80031 -74.053808
40.774901 -74.040684 40.775701 -74.040084
40.741701 -74.083586 40.740601 -74.081786
40.741501 -74.083886 40.741701 -74.083586
40.8365 -74.086086 40.837 -74.086786
40.778201 -74.038384 40.779301 -74.037584
40.768601 -74.040485 40.769001 -74.041285
40.714202 -74.082786 40.715002 -74.082286
40.8327 -74.086786 40.833 -74.087386
40.8324 -74.086286 40.8327 -74.086786
40.769001 -74.041285 40.769601 -74.040985
40.775701 -74.040084 40.776302 -74.039777
40.775401 -74.039284 40.776264 -74.039085
40.775401 -74.039284 40.775665 -74.039081
40.775401 -74.039284 40.775298 -74.039078
40.779101 -74.036584 40.779301 -74.037584
40.8327 -74.086786 40.833283 -74.086242
40.8159 -74.109586 40.8153 -74.108586
40.8153 -74.109986 40.8148 -74.108886
40.728501 -74.080686 40.728801 -74.081386
40.8148 -74.108886 40.8144 -74.109186
40.8148 -74.108886 40.8143 -74.107586
40.8153 -74.108586 40.8147 -74.107386
40.738001 -74.073986 40.738401 -74.073786
40.719686 -73.9765 40.719568 -73.975592
40.8166 -74.107886 40.8153 -74.108586
40.802295 -74.052136 40.801768 -74.055723
40.738401 -74.073786 40.738901 -74.073686
40.8166 -74.107886 40.816 -74.106686
40.816 -74.106686 40.8147 -74.107386
40.718252 -73.976162 40.719568 -73.975592
40.719337 -73.97529 40.719385 -73.975073
40.8165 -74.106286 40.816 -74.106686
40.715241 -73.976957 40.715586 -73.976804
40.814 -74.106986 40.8138 -74.104786
40.715785 -73.977257 40.715586 -73.976804
40.8138 -74.104786 40.8136 -74.104186
40.772501 -74.035684 40.773401 -74.035284
40.715586 -73.976804 40.715487 -73.976523
40.769601 -74.040985 40.770201 -74.040585
40.767601 -74.041385 40.768601 -74.040485
40.769601 -74.038884 40.770201 -74.040585
40.769601 -74.038884 40.769801 -74.038584
40.767901 -74.038784 40.768601 -74.040485
40.769401 -74.040585 40.769601 -74.040985
40.767901 -74.038784 40.768401 -74.038484
40.743201 -74.069785 40.744501 -74.073486
40.8142 -74.103986 40.8138 -74.104786
40.8194 -73.959383 40.818189 -73.956507
40.769387 -74.038402 40.769601 -74.038884
40.8126 -74.103886 40.8119 -74.103286
40.768401 -74.038484 40.768801 -74.039184
40.742501 -74.068285 40.743201 -74.069785
40.741901 -74.070485 40.743201 -74.069785
40.773401 -74.035284 40.774001 -74.036584
40.8121 -74.103886 40.8119 -74.103286
40.767801 -74.037284 40.768401 -74.038484
40.8119 -74.103286 40.8118 -74.102986
40.773401 -74.035284 40.77362 -74.035219
40.76896 -73.992527 40.769756 -73.994537
40.772101 -74.035584 40.773201 -74.034784
40.772801 -74.033784 40.773201 -74.034784
40.8263 -74.095586 40.8277 -74.098086
40.8263 -74.095586 40.824552 -74.0975
40.8194 -73.959383 40.819991 -73.95886
40.8255 -74.094486 40.8263 -74.095586
40.8249 -74.093386 40.8222 -74.088886
40.746701 -74.061085 40.747601 -74.060585
40.8222 -74.088886 40.8208 -74.090986
40.747401 -74.059685 40.747601 -74.060585
40.744701 -74.060485 40.745501 -74.062285
40.744701 -74.060485 40.745401 -74.059885
40.781755 -73.981152 40.782528 -73.980888
40.746707 -73.96973 40.747752 -73.968813
40.8208 -74.090986 40.8205 -74.091386
40.782528 -73.980888 40.783043 -73.982228
40.782528 -73.980888 40.783186 -73.980603
40.744001 -74.060885 40.744701 -74.060485
40.8205 -74.091386 40.8202 -74.091686
40.8205 -74.091386 40.8187 -74.088886
40.8227 -74.088486 40.8222 -74.088886
40.766901 -74.039484 40.767601 -74.041385
40.740101 -74.071585 40.741901 -74.070485
40.739401 -74.071985 40.740101 -74.071585
40.739801 -74.070685 40.740101 -74.071585
40.752817 -73.996789 40.753596 -73.998713
40.754894 -73.99758 40.755303 -73.996755
40.766901 -74.039484 40.767701 -74.038884
40.7882 -74.050185 40.790294 -74.048381
40.8112 -74.091186 40.8091 -74.080586
40.793293 -74.119756 40.7935 -74.119687
40.7864 -74.124387 40.7923 -74.120087
40.747601 -74.060585 40.748901 -74.059685
40.7945 -74.123187 40.7935 -74.123787
40.7935 -74.123787 40.7933 -74.122887
40.738901 -74.069385 40.739001 -74.068285
40.736201 -74.067785 40.736501 -74.068785
40.8091 -74.080586 40.8087 -74.079686
40.8091 -74.080586 40.8083 -74.079886
40.7935 -74.119687 40.794263 -74.119265
40.739001 -74.068285 40.739101 -74.067785
40.773201 -74.034784 40.773401 -74.034684
40.738701 -74.067285 40.739001 -74.068285
40.736701 -74.067685 40.736201 -74.067785
40.758801 -74.043385 40.759001 -74.043985
40.758801 -74.043385 40.759901 -74.042585
40.735801 -74.066385 40.736201 -74.067785
40.7923 -74.120087 40.793293 -74.119756
40.758101 -74.043785 40.758801 -74.043385
40.7933 -74.122887 40.7923 -74.120087
40.737401 -74.065785 40.738101 -74.065485
40.734301 -74.071185 40.734701 -74.072485
40.734301 -74.071185 40.735001 -74.070785
40.786971 -74.043339 40.78772 -74.04339
40.786971 -74.043339 40.787828 -74.04245
40.733701 -74.071585 40.734301 -74.071185
40.755303 -73.996755 40.75595 -73.998246
40.755303 -73.996755 40.755384 -73.996213
40.757012 -73.995447 40.757083 -73.995496
40.729001 -74.070185 40.729501 -74.069985
40.758883 -73.998816 40.759083 -73.999746
40.729501 -74.069985 40.730701 -74.069285
40.766401 -74.038184 40.766901 -74.039484
40.755381 -73.995022 40.755679 -73.995713
40.755384 -73.996213 40.755679 -73.995713
40.729201 -74.069385 40.729501 -74.069985
40.755679 -73.995713 40.756221 -73.995169
40.756221 -73.995169 40.757012 -73.995447
40.770916 -73.991087 40.77211 -73.993919
40.77211 -73.993919 40.772668 -73.993526
40.770192 -73.991546 40.770916 -73.991087
40.738101 -74.065485 40.738401 -74.066585
40.738101 -74.065485 40.739001 -74.065185
40.770789 -73.99078 40.770916 -73.991087
40.76896 -73.992527 40.76965 -73.992047
40.761701 -74.036384 40.762201 -74.037684
40.832135 -74.080522 40.831601 -74.081041
40.831601 -74.081041 40.8321 -74.081886
40.8194 -73.959383 40.819545 -73.959761
40.761701 -74.036384 40.762301 -74.036084
40.761101 -74.036784 40.761701 -74.036384
40.842499 -74.075185 40.841999 -74.074485
40.841999 -74.074485 40.840999 -74.075685
40.841999 -74.074485 40.841599 -74.073785
40.766621 -73.98682 40.767766 -73.989652
40.767766 -73.989652 40.768423 -73.989107
40.738801 -74.060285 40.739301 -74.060185
40.738801 -74.060285 40.738801 -74.060885
40.717427 -74.05596 40.716302 -74.055785
40.728201 -74.079786 40.728501 -74.080686
40.727801 -74.081086 40.728501 -74.080686
40.737801 -74.059585 40.738601 -74.059485
40.737801 -74.059585 40.737201 -74.058985
40.8317 -74.065985 40.8331 -74.067285
40.8197 -74.014684 40.8204 -74.013083
40.8204 -74.013083 40.8208 -74.013283
40.8204 -74.013083 40.8205 -74.012483
40.83656 -74.063081 40.836728 -74.062897
40.83656 -74.063081 40.837363 -74.064623
40.83656 -74.063081 40.836156 -74.062257
40.8329 -74.064185 40.8317 -74.065985
40.759083 -73.999746 40.758352 -73.997951
40.757012 -73.995447 40.757004 -73.995699
40.757967 -73.995442 40.75807 -73.996719
40.716302 -74.055785 40.717202 -74.054485
40.716802 -74.080786 40.717502 -74.079886
40.716802 -74.080786 40.717766 -74.082645
40.8299 -74.082586 40.8306 -74.083686
40.8313 -74.080686 40.831601 -74.081041
40.8095 -74.000483 40.8101 -74.000983
40.8299 -74.082586 40.8287 -74.083686
40.772668 -73.993526 40.772907 -73.993373
40.720702 -74.076386 40.721502 -74.075786
40.8282 -74.079986 40.8299 -74.082586
40.828 -74.079586 40.8258 -74.075985
40.8258 -74.075985 40.821154 -74.070085
40.8258 -74.075985 40.8263 -74.075285
40.726701 -74.076386 40.727101 -74.077386
40.725701 -74.076986 40.726701 -74.076386
40.726201 -74.075586 40.726701 -74.076386
40.723001 -74.074886 40.723501 -74.074485
40.723501 -74.074485 40.724801 -74.077586
40.723501 -74.074485 40.724301 -74.073885
40.8299 -74.070785 40.8294 -74.070385
40.8294 -74.070385 40.8297 -74.069885
40.8286 -74.072085 40.8292 -74.070885
40.8286 -74.072085 40.8283 -74.071985
40.8292 -74.070885 40.8294 -74.070385
40.8297 -74.069885 40.8317 -74.065985
40.8283 -74.072485 40.8286 -74.072085
40.8273 -74.070885 40.825 -74.065885
40.767766 -73.989652 40.768155 -73.990589
40.825 -74.065885 40.8238 -74.063285
40.721502 -74.075786 40.723101 -74.079186
40.8257 -74.065385 40.825 -74.065885
40.720302 -74.072985 40.721502 -74.075786
40.718402 -74.075185 40.718902 -74.074485
40.717802 -74.076186 40.718402 -74.075185
40.718202 -74.074585 40.718402 -74.075185
40.8144 -74.064685 40.8077 -74.061685
40.8063 -74.063585 40.8077 -74.061685
40.715002 -74.082286 40.715402 -74.082986
40.715702 -74.078686 40.716802 -74.080786
40.8077 -74.061685 40.8099 -74.058685
40.714002 -74.080486 40.715002 -74.082286
40.8344 -74.055585 40.8337 -74.052985
40.804934 -73.962455 40.805559 -73.96204
40.714302 -74.072685 40.714502 -74.073285
40.8337 -74.052985 40.8332 -74.050585
40.80431 -73.962914 40.804934 -73.962455
40.804088 -73.960423 40.804934 -73.962455
40.722702 -74.068985 40.723101 -74.068685
40.8424 -74.047484 40.8416 -74.048685
40.8424 -74.047484 40.843 -74.048084
40.783101 -74.032984 40.783484 -74.034038
40.7954 -74.022384 40.7957 -74.023184
40.7954 -74.022384 40.7965 -74.021984
40.8362 -74.051485 40.8337 -74.052985
40.723101 -74.068685 40.723601 -74.067985
40.7948 -74.021384 40.7954 -74.022384
40.722102 -74.069285 40.722702 -74.068985
40.793954 -73.974218 40.794817 -73.976294
40.794611 -73.97376 40.79554 -73.9759
40.721402 -74.069785 40.722102 -74.069285
40.794611 -73.97376 40.795318 -73.973279
40.717002 -74.070485 40.717602 -74.071985
40.793329 -73.974677 40.793954 -73.974218
40.8432 -74.046384 40.8424 -74.047484
40.794279 -73.972981 40.794611 -73.97376
40.716702 -74.070685 40.717002 -74.070485
40.721502 -74.068185 40.723101 -74.068685
40.7873 -74.028284 40.7876 -74.029084
40.7873 -74.028284 40.788 -74.027884
40.793639 -73.973505 40.793954 -73.974218
40.716302 -74.069485 40.717002 -74.070485
40.721502 -74.068185 40.722102 -74.069285
40.7863 -74.032984 40.7868 -74.032684
40.7863 -74.032984 40.7866 -74.033784
40.728601 -74.062485 40.729101 -74.061985
40.81756 -73.960738 40.81766 -73.960997
40.7868 -74.028684 40.7873 -74.028284
40.724701 -74.063185 40.725401 -74.064285
40.723302 -74.062385 40.723702 -74.063885
40.722102 -74.065185 40.723702 -74.063885
40.728101 -74.062985 40.728601 -74.062485
40.727801 -74.060885 40.728601 -74.062485
40.724401 -74.062685 40.724701 -74.063185
40.7906 -74.023884 40.7928 -74.021984
40.7925 -74.021184 40.7928 -74.021984
40.7928 -74.021984 40.7943 -74.020384
40.714902 -74.070485 40.714302 -74.072685
40.713702 -74.071585 40.714302 -74.072685
40.7859 -74.026484 40.7861 -74.027184
40.785501 -74.026784 40.7859 -74.026484
40.785201 -74.024884 40.7859 -74.026484
40.711402 -74.070585 40.712502 -74.069485
40.712502 -74.069485 40.714402 -74.068185
40.715102 -74.069185 40.714902 -74.070485
40.714902 -74.069285 40.715102 -74.069185
40.715202 -74.068885 40.715102 -74.069185
40.784101 -74.022684 40.784801 -74.024084
40.787922 -73.96762 40.789083 -73.970257
40.787922 -73.96762 40.78848 -73.967119
40.712102 -74.068685 40.712502 -74.069485
40.783201 -74.022784 40.784101 -74.022684
40.783606 -74.021639 40.784101 -74.022684
40.8021 -74.019484 40.8027 -74.018984
40.8017 -74.019684 40.8021 -74.019484
40.8016 -74.018184 40.8021 -74.019484
40.8005 -74.071485 40.8009 -74.070885
40.8005 -74.071485 40.7992 -74.069685
40.715102 -74.059985 40.715702 -74.060685
40.715102 -74.059985 40.715402 -74.059685
40.7999 -74.072285 40.8005 -74.071485
40.7995 -74.019684 40.7998 -74.020484
40.870599 -74.030884 40.869899 -74.028384
40.7992 -74.018984 40.7995 -74.019684
40.869899 -74.028384 40.869499 -74.026984
40.870099 -74.026684 40.870699 -74.026384
40.7991 -74.019984 40.7995 -74.019684
40.870099 -74.026684 40.869299 -74.023884
40.869199 -74.028584 40.869899 -74.028384
40.869199 -74.028584 40.868699 -74.026684
40.869499 -74.026984 40.870099 -74.026684
40.868699 -74.026684 40.869399 -74.026484
40.868699 -74.026684 40.868099 -74.024384
40.865799 -74.031184 40.866899 -74.031384
40.865799 -74.031184 40.866799 -74.030684
40.864399 -74.030884 40.865799 -74.031184
40.748801 -74.050485 40.749401 -74.051985
40.748801 -74.050485 40.749401 -74.049985
40.738601 -74.059485 40.738801 -74.060285
40.737301 -74.059785 40.737801 -74.059585
40.748101 -74.050885 40.748801 -74.050485
40.741501 -74.048885 40.742101 -74.048585
40.742101 -74.048585 40.742501 -74.049385
40.742101 -74.048585 40.743401 -74.047585
40.737201 -74.058985 40.736801 -74.058585
40.736401 -74.058785 40.736801 -74.058585
40.743101 -74.046885 40.744401 -74.045985
40.741601 -74.055385 40.742201 -74.057185
40.741601 -74.055385 40.742401 -74.054885
40.735101 -74.056485 40.736095 -74.057713
40.736095 -74.057713 40.736801 -74.058585
40.739607 -74.057224 40.741601 -74.055385
40.737901 -74.054785 40.739401 -74.057585
40.737901 -74.054785 40.738501 -74.054385
40.737201 -74.055285 40.737901 -74.054785
40.860999 -74.027384 40.860599 -74.025684
40.860599 -74.025684 40.861299 -74.025584
40.859799 -74.025984 40.860599 -74.025684
40.761793 -73.975106 40.761146 -73.973528
40.761146 -73.973528 40.761786 -73.973048
40.761146 -73.973528 40.760465 -73.971886
40.734601 -74.056585 40.735101 -74.056485
40.734001 -74.055685 40.734201 -74.055485
40.733701 -74.054885 40.734201 -74.055485
40.870099 -74.018783 40.869599 -74.020184
40.869599 -74.020184 40.869899 -74.021584
40.736901 -74.051085 40.737701 -74.052585
40.868999 -74.020484 40.869599 -74.020184
40.736901 -74.051085 40.737701 -74.050785
40.736101 -74.049385 40.736901 -74.051085
40.757994 -73.971639 40.757297 -73.969997
40.7892 -74.016884 40.7901 -74.016184
40.7899 -74.015784 40.7901 -74.016184
40.7901 -74.016184 40.7914 -74.015084
40.7886 -74.015584 40.79 -74.014584
40.757297 -73.969997 40.757922 -73.969604
40.757297 -73.969997 40.756401 -73.967793
40.781401 -74.019184 40.782301 -74.021584
40.760452 -73.967749 40.761093 -73.967248
40.781401 -74.019184 40.781601 -74.019084
40.780701 -74.017784 40.781401 -74.019184
40.744401 -74.045985 40.744701 -74.046785
40.771161 -73.963965 40.770481 -73.962452
40.782901 -74.015784 40.783601 -74.017384
40.782901 -74.015784 40.783501 -74.015284
40.744101 -74.045185 40.744401 -74.045985
40.86557 -74.008646 40.865099 -74.009883
40.865099 -74.009883 40.864699 -74.011683
40.865099 -74.009883 40.863299 -74.010683
40.743801 -74.044385 40.745501 -74.043385
40.745501 -74.043385 40.747401 -74.042085
40.770481 -73.962452 40.771188 -73.961863
40.745201 -74.042485 40.745501 -74.043385
40.770481 -73.962452 40.76985 -73.960809
40.79 -74.014584 40.7909 -74.013884
40.79 -74.014584 40.7903 -74.015484
40.768536 -73.96177 40.769193 -73.961333
40.769193 -73.961333 40.76985 -73.960809
40.769193 -73.961333 40.76828 -73.959128
40.775901 -74.029884 40.777101 -74.032184
40.777635 -73.959163 40.776954 -73.957563
40.776363 -73.958086 40.776954 -73.957563
40.776954 -73.957563 40.777595 -73.957061
40.787801 -74.009884 40.788101 -74.010484
40.855799 -74.027284 40.855499 -74.026384
40.855499 -74.026384 40.855299 -74.025484
40.854899 -74.026484 40.855499 -74.026384
40.786401 -74.011084 40.787801 -74.009884
40.787401 -74.009084 40.787801 -74.009884
40.854299 -74.026684 40.854099 -74.025784
40.854099 -74.025784 40.854699 -74.025684
40.852699 -74.026884 40.852599 -74.026084
40.853299 -74.025984 40.854099 -74.025784
40.8368 -74.016984 40.837037 -74.016344
40.852099 -74.026684 40.852599 -74.026084
40.852699 -74.023284 40.853499 -74.022984
40.852699 -74.023284 40.851999 -74.020384
40.852299 -74.025984 40.852599 -74.026084
40.786001 -74.010184 40.786401 -74.011084
40.855599 -74.020584 40.856699 -74.020184
40.786001 -74.010184 40.786601 -74.009684
40.851799 -74.023584 40.852699 -74.023284
40.785501 -74.009084 40.786001 -74.010184
40.855999 -74.022184 40.855599 -74.020584
40.855599 -74.020584 40.855199 -74.018984
40.779501 -74.026684 40.779651 -74.026982
40.849399 -74.026984 40.849899 -74.027184
40.849399 -74.026984 40.849099 -74.026384
40.848299 -74.026884 40.849399 -74.026984
40.739501 -74.042885 40.739901 -74.043285
40.737701 -74.043485 40.739501 -74.042885
40.738701 -74.042185 40.739501 -74.042885
40.761093 -73.967248 40.761717 -73.966789
40.761093 -73.967248 40.760164 -73.965
40.775901 -74.029884 40.776401 -74.029384
40.760164 -73.965 40.760837 -73.964563
40.760837 -73.964563 40.760784 -73.963329
40.760837 -73.964563 40.760472 -73.963721
40.737901 -74.041385 40.738701 -74.042185
40.737401 -74.041585 40.737901 -74.041385
40.737201 -74.040785 40.737901 -74.041385
40.769601 -74.028284 40.770201 -74.027884
40.770201 -74.027884 40.770801 -74.029084
40.736601 -74.040485 40.736601 -74.040785
40.736301 -74.040485 40.736601 -74.040485
40.767701 -74.027284 40.767901 -74.027084
40.779501 -74.026684 40.779801 -74.026784
40.736901 -74.038785 40.736601 -74.040485
40.779501 -74.026684 40.779365 -74.02642
40.767901 -74.027084 40.768601 -74.026684
40.846 -74.016283 40.849164 -74.015617
40.846 -74.016283 40.8455 -74.015283
40.844 -74.016583 40.846 -74.016283
40.8409 -74.017984 40.8431 -74.016984
40.8409 -74.017984 40.8393 -74.016784
40.739301 -74.034084 40.739501 -74.034984
40.84033 -74.018174 40.8409 -74.017984
40.738101 -74.034484 40.739301 -74.034084
40.8486 -74.001583 40.8498 -74.000383
40.8354 -74.020384 40.8392 -74.018684
40.8354 -74.020384 40.8319 -74.023684
40.8354 -74.020384 40.8308 -74.022784
40.734301 -74.038985 40.734501 -74.040685
40.734301 -74.038985 40.734701 -74.038985
40.8368 -74.016984 40.8375 -74.017284
40.763772 -73.950251 40.76469 -73.94912
40.760913 -73.952325 40.763772 -73.950251
40.773601 -74.026684 40.774101 -74.026284
40.773601 -74.026684 40.774001 -74.027784
40.773001 -74.027184 40.773601 -74.026684
40.761301 -74.033384 40.761701 -74.034684
40.739301 -74.034084 40.740601 -74.033784
40.769401 -74.027284 40.770201 -74.027884
40.797134 -73.949106 40.797545 -73.948887
40.769701 -74.026884 40.770001 -74.026584
40.796738 -73.94887 40.797134 -73.949106
40.796887 -73.949281 40.797134 -73.949106
40.769301 -74.026084 40.770001 -74.026584
40.8328 -74.010683 40.8329 -74.010283
40.734301 -74.038985 40.734085 -74.038518
40.8329 -74.010283 40.8332 -74.010783
40.769501 -74.025484 40.770001 -74.026584
40.8336 -74.010083 40.8338 -74.010683
40.767501 -74.025684 40.768601 -74.026684
40.8333 -74.009683 40.8336 -74.010083
40.8416 -73.999683 40.8419 -73.999383
40.792273 -73.948441 40.791543 -73.946798
40.767501 -74.025684 40.767201 -74.026684
40.768201 -74.022184 40.768828 -74.023618
40.768828 -74.023618 40.769201 -74.023584
40.768828 -74.023618 40.768901 -74.023784
40.766901 -74.025284 40.767501 -74.025684
40.787927 -73.953731 40.78723 -73.952153
40.767201 -74.022184 40.768101 -74.023584
40.78723 -73.952153 40.787903 -73.951716
40.78723 -73.952153 40.786566 -73.950554
40.767901 -74.021984 40.768601 -74.023784
40.788495 -73.951214 40.789119 -73.950734
40.788495 -73.951214 40.787781 -73.949572
40.787903 -73.951716 40.788495 -73.951214
40.789119 -73.950734 40.788405 -73.949135
40.720202 -74.055085 40.720902 -74.054885
40.787781 -73.949572 40.788405 -73.949135
40.719402 -74.055385 40.719502 -74.055585
40.719902 -74.054185 40.720202 -74.055085
40.764601 -74.031384 40.765301 -74.030984
40.765301 -74.030984 40.765801 -74.032284
40.761301 -74.033384 40.761901 -74.033084
40.718702 -74.055385 40.719402 -74.055385
40.779669 -73.988529 40.780293 -73.988033
40.761101 -74.032684 40.761801 -74.032084
40.761101 -74.032684 40.760901 -74.031184
40.764701 -74.029184 40.765301 -74.030984
40.791543 -73.946798 40.792249 -73.946231
40.8436 -74.001283 40.8453 -74.004283
40.779221 -73.950791 40.778242 -73.9485
40.791543 -73.946798 40.790929 -73.945263
40.8436 -74.001283 40.844 -74.000783
40.723402 -74.052185 40.723902 -74.053785
40.723002 -74.052485 40.723402 -74.052185
40.723002 -74.050785 40.723402 -74.052185
40.8306 -74.000983 40.8317 -73.999983
40.716228 -74.055741 40.716302 -74.055785
40.759901 -74.027784 40.760101 -74.028584
40.783269 -73.944723 40.783926 -73.944264
40.783926 -73.944264 40.785207 -73.943325
40.758701 -74.029084 40.758801 -74.029584
40.783926 -73.944264 40.783677 -73.943659
40.758101 -74.029384 40.758701 -74.029084
40.758601 -74.028084 40.759901 -74.027784
40.758634 -74.028417 40.759901 -74.027784
40.758634 -74.028417 40.758701 -74.029084
40.767201 -74.026684 40.767901 -74.027084
40.757401 -74.029484 40.757701 -74.029384
40.756301 -74.029884 40.757401 -74.029484
40.751722 -73.994044 40.752817 -73.996789
40.752185 -73.997269 40.752817 -73.996789
40.757301 -74.028584 40.757401 -74.029484
40.838 -74.002383 40.8388 -74.002183
40.8388 -74.002183 40.8398 -74.003883
40.8388 -74.002183 40.8394 -74.001783
40.777634 -73.949024 40.778242 -73.9485
40.778242 -73.9485 40.777263 -73.946253
40.764113 -74.025161 40.768101 -74.023584
40.831 -74.005783 40.8339 -74.003283
40.766882 -74.022316 40.767201 -74.022184
40.8329 -74.002083 40.8332 -74.002683
40.764301 -74.023384 40.766882 -74.022316
40.718002 -74.047985 40.718502 -74.049585
40.8322 -74.002683 40.8329 -74.002083
40.8325 -74.001383 40.8329 -74.002083
40.8319 -74.003383 40.831 -74.005783
40.717302 -74.048385 40.718002 -74.047985
40.8158 -74.001183 40.8172 -73.999783
40.717502 -74.046485 40.718002 -74.047985
40.8293 -74.007083 40.831 -74.005783
40.714602 -74.059385 40.715302 -74.058285
40.714002 -74.058685 40.714602 -74.059385
40.7725 -74.148688 40.7721 -74.147888
40.8269 -74.004583 40.8275 -74.004083
40.8261 -74.005383 40.8256 -74.003483
40.8255 -74.005983 40.8252 -74.004183
40.8256 -74.003483 40.825697 -74.003411
40.8268 -74.004783 40.8269 -74.004583
40.8261 -74.003083 40.8269 -74.004583
40.8256 -74.003483 40.8252 -74.002983
40.759583 -74.000913 40.759083 -73.999746
40.778401 -74.016484 40.778901 -74.015684
40.772321 -73.993973 40.772668 -73.993526
40.778901 -74.015684 40.779401 -74.015084
40.8227 -74.008783 40.8243 -74.008783
40.8241 -74.006783 40.8243 -74.008783
40.778101 -74.013484 40.778901 -74.015684
40.750681 -73.987444 40.750831 -73.987898
40.8247 -74.006583 40.8255 -74.006683
40.8247 -74.006583 40.8245 -74.004183
40.8245 -74.004183 40.8252 -74.004183
40.749501 -74.032984 40.750701 -74.032584
40.8252 -74.004183 40.8252 -74.002983
40.751747 -73.980422 40.751066 -73.978758
40.751066 -73.978758 40.751691 -73.978257
40.726602 -74.041885 40.727302 -74.041785
40.8306 -74.000983 40.8309 -74.001583
40.725902 -74.041985 40.726602 -74.041885
40.726402 -74.040185 40.726602 -74.041885
40.766703 -74.01862 40.766131 -74.017125
40.766703 -74.01862 40.772632 -74.014345
40.80031 -74.053808 40.802295 -74.052136
40.794764 -74.127738 40.7935 -74.123787
40.754836 -74.002839 40.755221 -74.002559
40.755221 -74.002559 40.756178 -74.004944
40.717502 -74.044085 40.718102 -74.043785
40.718102 -74.043785 40.718802 -74.043385
40.722202 -74.040885 40.722923 -74.040782
40.760194 -74.00234 40.759583 -74.000913
40.718002 -74.042185 40.718102 -74.043785
40.8158 -74.001183 40.8162 -74.001883
40.8151 -74.001783 40.8158 -74.001183
40.719002 -74.038584 40.719802 -74.038384
40.8101 -74.000983 40.8107 -74.001483
40.794467 -74.118322 40.7935 -74.119687
40.721754 -74.040949 40.722202 -74.040885
40.722002 -74.039184 40.722202 -74.040885
40.7853 -74.145788 40.7849 -74.144888
40.7849 -74.144888 40.7863 -74.143688
40.729309 -74.000328 40.72969 -74.001084
40.72969 -74.001084 40.730495 -74.000452
40.76686 -74.019072 40.766703 -74.01862
40.719802 -74.038384 40.720402 -74.038384
40.718102 -74.038784 40.719002 -74.038584
40.7877 -74.138687 40.789 -74.141187
40.719502 -74.036884 40.719802 -74.038384
40.717602 -74.037184 40.718102 -74.038784
40.7872 -74.139187 40.7877 -74.138687
40.717535 -74.038914 40.718102 -74.038784
40.7861 -74.135287 40.7877 -74.138687
40.78507 -74.008047 40.785201 -74.008383
40.7865 -74.139787 40.7872 -74.139187
40.7865 -74.139787 40.787 -74.140787
40.7846 -74.136487 40.7865 -74.139787
40.7835 -74.137287 40.7846 -74.136487
40.7835 -74.137287 40.784083 -74.138187
40.7835 -74.137287 40.783 -74.136587
40.761529 -74.006 40.760194 -74.00234
40.783 -74.136587 40.7826 -74.135787
40.7811 -74.137087 40.7826 -74.135787
40.766882 -74.022316 40.767156 -74.021648
40.758832 -74.048316 40.759201 -74.048085
40.715102 -74.035984 40.715302 -74.037584
40.714402 -74.036084 40.715102 -74.035984
40.784301 -74.006083 40.78507 -74.008047
40.714902 -74.034284 40.715102 -74.035984
40.7826 -74.135787 40.7822 -74.135087
40.784905 -74.008185 40.783817 -74.007491
40.784905 -74.008185 40.782107 -74.010519
40.753701 -74.120487 40.753801 -74.119187
40.753801 -74.119187 40.754201 -74.119087
40.753501 -74.119387 40.753801 -74.119187
40.7673 -74.134087 40.767177 -74.134333
40.726503 -74.009824 40.726588 -74.010732
40.726588 -74.010732 40.726687 -74.01071
40.722294 -74.006294 40.721915 -74.006361
40.726367 -74.008309 40.726466 -74.008287
40.726367 -74.008309 40.726405 -74.008704
40.726588 -74.010732 40.726603 -74.010852
40.729601 -74.035067 40.730001 -74.037884
40.726283 -74.007422 40.726367 -74.008309
40.736501 -74.028984 40.736701 -74.029984
40.735801 -74.029184 40.736501 -74.028984
40.736201 -74.027884 40.736501 -74.028984
40.720625 -74.010068 40.720713 -74.010897
40.719324 -74.010291 40.71995 -74.010158
40.720625 -74.010068 40.721267 -74.009935
40.719324 -74.010291 40.719305 -74.009187
40.718633 -74.010381 40.719324 -74.010291
40.750901 -74.035484 40.752101 -74.034984
40.750901 -74.035484 40.751001 -74.036484
40.732301 -74.142987 40.732501 -74.142087
40.750701 -74.034584 40.750901 -74.035484
40.738273 -74.075194 40.738401 -74.073786
40.733801 -74.142187 40.732501 -74.142087
40.732501 -74.142087 40.731401 -74.141487
40.720472 -74.008381 40.720625 -74.010068
40.732401 -74.140887 40.733901 -74.140987
40.732401 -74.140887 40.732301 -74.139987
40.728863 -74.030999 40.729056 -74.031661
40.750701 -74.032584 40.750901 -74.033384
40.731601 -74.140887 40.732401 -74.140887
40.750601 -74.031684 40.750701 -74.032584
40.750401 -74.030684 40.750601 -74.031684
40.729601 -74.035067 40.729192 -74.035158
40.750401 -74.030684 40.751701 -74.030284
40.730087 -74.034957 40.729601 -74.035067
40.718515 -74.009408 40.718633 -74.010381
40.730201 -74.138487 40.730301 -74.138087