40.721088 -74.005109 40.721877 -74.004434
40.721088 -74.005109 40.721533 -74.00515
40.721088 -74.005109 40.720492 -74.00377
40.72076 -74.005371 40.721088 -74.005109
40.720364 -74.005134 40.721088 -74.005109
40.8398 -73.989683 40.8412 -73.988383
40.8417 -73.989183 40.8412 -73.988383
40.8412 -73.988383 40.8424 -73.987583
40.8412 -73.988383 40.8423 -73.987183
40.8412 -73.988383 40.8408 -73.987683
40.774301 -74.060085 40.779501 -74.057885
40.774301 -74.060085 40.775575 -74.059252
40.773301 -74.058685 40.774301 -74.060085
40.716502 -74.048785 40.716702 -74.050485
40.716502 -74.048785 40.717002 -74.050285
40.716502 -74.048785 40.717302 -74.048385
40.716102 -74.049085 40.716502 -74.048785
40.716302 -74.047085 40.716502 -74.048785
40.771667 -74.061761 40.774301 -74.060085