8715
7947
8716
8717
8461
8719
8463
8720
7952
8722
7954
8724
8725
8726
9755
8226
7970
8483
8484
7972
8229
7974
8231
8235
8238
8498
8243
8755
8244
8507
8253
8512
8513
8001
8258
8514
8003
8004
9031
8010
8540
8541
8556
8557
8559
8560
8562
8563
8309
8565
8567
8312
8059
8835
8325
8583
8332
8334
8594
8086
8089
8348
8094
8351
9125
8102
8621
8110
8623
7856
7857
7858
8119
8636
7869
8637
8638
8127
8640
8129
8644
8645
7879
7881
7882
8138
7884
8652
8654
8655
9679
9685
7637
8664
8665
8666
9691
8667
8155
9692
8156
9693
9694
8158
9695
8673
9698
8674
9699
8675
8676
8421
9701
8680
9193
9711
8687
9712
8690
8181
9718
9723
8699
8187
9724
9725
8189
8702