8197
8206
8208
8729
8233
9797
9799
7240
7241
7243
7755
7244
7245
7246
7247
7249
7250
7253
7255
7257
7786
7788
7281
7282
7283
7284
7286
7295
7311
7313
7342
7345
7347
7361
7362
7363
8389
7366
7367
7368
7369
8907
7372
8909
7373
7374
7377
7378
7379
7380
7381
7382
7383
9432
8924
9438
7391
9439
7392
9440
7393
9443
9444
9445
9450
7405
7407
9456
9457
7412
7424
7425
7939
7941
8970
7436
8972
8974
7950
7951
7440
9491
7445
7961
7963
7965
7453
7454
7967
7969
7973
7981
7473
7480
7481
7485
8519
7496
8521
9554
8531
9044
9046
9047
9051
9052
9053
9054
9055
9568
7521
7522
9570
9060
9063
9066
7536
9584
9078
8568
7544
7545
8569
8570
8571
7548
9084
8576
8578
7555
9604
7556
8585
9102
8090
9115
8098
8099
8100
8103
8104
9128
9132
9135
7601
9650
7602
8116
7610
7611
9151
9154
7619
9672
8651
9677
9165
8141
9678
9168
9681
9682
7641
7644
9180
9181
8157
9182
8168
8173
8174
8179
8180
8190