6
7
2132
2133
2136
2137
2138
2141
2142
2144
2145
2146
4709
2149
2150
4710
2151
4711
2152
4712
2153
2154
4715
2155
4716
4717
2157
4718
2158
4719
2159
2160
4721
4722
2162
4723
2163
4724
2164
4725
2165
4726
2166
4727
4728
4729
4742
4743
4744
4745
4747
2190
4754
2194
4755
2195
2197
4757
4758
2198
4759
2199
4760
2200
4761
2201
2202
4762
2203
4763
2204
4764
2205
4765
2206
4766
4767
4768
2209
4769
2210
4770
2211
4771
4772
4773
2214
4774
4775
4776
2217
4777
4778
4779
2220
4780
2221
4781
2222
4782
2223
4783
4784
4785
2226
4786
2227
4787
2228
4788
4789
2229
4790
4791
4792
4793
4794
4795
4796
4797
4798
4799
4800
4801
4802
2243
4803
2244
4804
2245
2246
4806
2247
4807
2248
4808
4809
2249
4810
4811
4812
4813
4814
4815
4816
4307
4308
2262
2263
4824
4826
4828
4833
4834
4835
4836
4838
4841
4842
4843
4844
4846
4847
4849
4850
4851
4852
4853
4854
4855
4857
4858
4859
4860
4861
4863
4865
4866
4867
4868
4869
4870
4871
4872
4873
4876
4877
4878
4879
4880
4881
4882
4883
4884
4885
4886
4887
4888
4889
4890
4891
4892
4893
4894
4895
4896
4897
4898
4901
4902
4903
4904
4905
4906
4907
4908
4909
4910
4911
4913
4914
4915
4916
4917
4918
4919
4920
4921
4922
4923
4925
4928
4931
4933
4934
4935
4936
4937
4938
4939
4940
4941
4942
4943
4944
4945
4946
4947
4948
4949
4950
4951
4952
4953
4954
4955
4956
4957
4958
4959
4961
4962
4964
4965
4970
4972
4973
4974
4975
4976
4980
4981
4984
4985
4988
4989
5010
5015
5017
5018
5019
5021
5023
5027
5028
5045
5046
5049
5050
5051
5052
5053
5054
5055
5056
5057
5058
5059
5060
5061
5062
5063
5064
5065
5066
5069
5070
5071
5072
5075
5076