3310
3299
4215
4209
4216
4217
4237
4238
4241
4236
4242
4198
4176
4171
4106
4107
4098
4096
4099
4094
4100
4101
4167
4166
4165
4173
4177
4191
4197
4199
4319
7001
7002
4418
7003
4411
4412
7004
9191
9125
9126
7947
9678
9682
9677
9681
9679
7954
7950
7952
8090
8089
8094
8102
8110
8116
8138
8141
8156
8157
8158
8155
8519
8521
8531
8576
8575
9078
9077
9082
9087
9088
7707
7694
7704
7731
9094
9093
9090
9084
8592
8578
8571
8569
8570
8568
8567
8585
8583
8565
8562
8563
8541
8514
8512
8513
8540
8560
8587
8726
8725
8556
8557
8559
8724
8722
8720
8716
8717
8719
8638
8636
8637
8651
8652
8654
8655
8690
8644
8645
8647
8689
8692
8691
8705
8704
8687
8681
8680
8671
8667
8665
8666
8664
8663
8463
8464
8461
9695
9692
9687