8704
4096
8705
4098
4099
4100
4101
7946
4106
7947
4107
8716
8717
8461
7950
7694
8719
8463
7952
8720
8464
7954
8722
8724
8725
8726
7704
7707
8222
3112
3117
3118
3120
7731
8247
8248
4411
4412
3136
8512
8513
3137
4418
8514
3139
4165
4166
4167
8519
3145
8521
3147
4171
4173
4176
4177
8531
7001
7002
7003
7004
8540
8541
4191
3172
4197
4198
4199
3175
3176
3177
3178
3179
3180
8556
8557
8559
8560
4209
8562
8563
9077
8565
9078
8567
4215
8568
4216
8569
4217
9082
8570
8571
9084
8575
9087
8576
9088
9090
8578
9603
3205
9093
9094
8583
8585
8587
4236
4237
4238
8592
4241
4242
3224
8089
8090
9114
3227
9115
8094
9125
9126
8102
8110
8116
8636
8637
8638
4033
4291
8644
8645
8647
4041
8138
8651
8652
8141
9677
8654
9678
9679
8655
9680
3280
9681
3281
9682
8404
9685
8663
9687
8664
4056
8665
8666
4058
8155
8667
8156
9692
8157
4062
8158
4063
4319
8671
9695
4064
4065
3299
4071
9191
8680
8681
3305
3310
8687
8689
8690
8691
8692
4094
4095