4096
4097
4098
4099
4100
4101
4102
4104
4105
8209
8211
8212
8213
8214
8219
8220
8221
9757
8222
8224
8225
8230
8237
8247
8248
9785
9786
8250
9787
8251
9788
8253
8254
8255
8256
9793
4164
4165
7751
7752
7753
8266
8267
8268
4173
8269
8271
4177
4191
4192
4197
4198
4199
4205
4207
4208
4209
4210
4211
4212
4213
4214
4215
4216
4217
4218
4221
3197
4224
4228
4229
4230
4231
4233
4234
4235
4236
8332
8333
4238
4242
4243
4244
4245
4248
8344
3227
8347
8348
7848
4265
7849
4269
4270
7857
7858
8374
7863
7864
7865
7866
9408
9409
9410
8386
8388
4294
4296
8394
4299
8395
4300
4301
7886
3278
3279
7887
7888
3280
4304
3281
4305
3282
3283
3284
8404
3285
3286
4311
7897
4314
8410
4315
7899
8411
3293
4317
7901
3294
4318
7902
4319
3295
3296
4320
7904
3297
4321
7905
7906
3298
4323
3299
7907
7908
3300
3301
7909
7910
3302
7911
3303
7912
3304
3305
7913
7914
3306
3308
3309
3310
3311
3312
7921
3313
3314
7922
3315
7923
7924
7925
7926
7927
7928
3321
7930
7931
7932
7933
7934
8963
8964
8965
8966
7947
7948
3341
3342
3343
3348
3349
7959
8483
7972
8484
7973
8485
8486
7975
8491
8492
8494
8495
8497
8498
8499
8500
8501
4411
4412
8508
7997
8509
8510
8511
4418
7001
7002
7003
7004
8068
8070
8071
8072
8073
8074
8077
9614
8079
8080
8081
8082
8083
8084
8085
8086
8087
8088
9626
9627
8091
9116
8092
9117
9118
9119
9120
9121
9122
9123
9125
9126
9127
9652
8119
8120
8121
8122
8123
8124
8126
8127
8128
8129
8131
9668
8133
8134
7630
7631
7632
7633
7634
7635
7636
7637
9685
7638
9686
9687
9692
9693
9694
9695
9696
9697
9698
9699
9701
4070
9702
9191
4071
9703
9704
9193
4075
9707
4076
9708
4077
4078
9710
4079
9711
4080
9712
4081
9713
4082
9717
4087
9720
9723
4092
9724
9725
4094
4095