6 0
7 0
2132 0
2133 0
2136 0
2137 0
2138 0
2141 0
2142 0
2144 0
2145 0
2146 0
4709 0
2149 0
2150 0
4710 0
2151 0
4711 0
2152 0
4712 0
2153 0
2154 0
4715 0
2155 0
4716 0
4717 0
2157 0
4718 0
2158 0
4719 0
2159 0
2160 0
4721 0
4722 0
2162 0
4723 0
2163 0
4724 0
2164 0
4725 0
2165 0
4726 0
2166 0
4727 0
4728 0
4729 0
4742 0
4743 0
4744 0
4745 0
4747 0
2190 0
4754 0
2194 0
4755 0
2195 0
2197 0
4757 0
4758 0
2198 0
4759 0
2199 0
4760 0
2200 0
4761 0
2201 0
2202 0
4762 0
2203 0
4763 0
2204 0
4764 0
2205 0
4765 0
2206 0
4766 0
4767 0
4768 0
2209 0
4769 0
2210 0
4770 0
2211 0
4771 0
4772 0
4773 0
2214 0
4774 0
4775 0
4776 0
2217 0
4777 0
4778 0
4779 0
2220 0
4780 0
2221 0
4781 0
2222 0
4782 0
2223 0
4783 0
4784 0
4785 0
2226 0
4786 0
2227 0
4787 0
2228 0
4788 0
4789 0
2229 0
4790 0
4791 0
4792 0
4793 0
4794 0
4795 0
4796 0
4797 0
4798 0
4799 0
4800 0
4801 0
4802 0
2243 0
4803 0
2244 0
4804 0
2245 0
2246 0
4806 0
2247 0
4807 0
2248 0
4808 0
4809 0
2249 0
4810 0
4811 0
4812 0
4813 0
4814 0
4815 0
4816 0
4307 0
4308 0
2262 0
2263 0
4824 0
4826 0
4828 0
4833 0
4834 0
4835 0
4836 0
4838 0
4841 0
4842 0
4843 0
4844 0
4846 0
4847 0
4849 0
4850 0
4851 0
4852 0
4853 0
4854 0
4855 0
4857 0
4858 0
4859 0
4860 0
4861 0
4863 0
4865 0
4866 0
4867 0
4868 0
4869 0
4870 0
4871 0
4872 0
4873 0
4876 0
4877 0
4878 0
4879 0
4880 0
4881 0
4882 0
4883 0
4884 0
4885 0
4886 0
4887 0
4888 0
4889 0
4890 0
4891 0
4892 0
4893 0
4894 0
4895 0
4896 0
4897 0
4898 0
4901 0
4902 0
4903 0
4904 0
4905 0
4906 0
4907 0
4908 0
4909 0
4910 0
4911 0
4913 0
4914 0
4915 0
4916 0
4917 0
4918 0
4919 0
4920 0
4921 0
4922 0
4923 0
4925 0
4928 0
4931 0
4933 0
4934 0
4935 0
4936 0
4937 0
4938 0
4939 0
4940 0
4941 0
4942 0
4943 0
4944 0
4945 0
4946 0
4947 0
4948 0
4949 0
4950 0
4951 0
4952 0
4953 0
4954 0
4955 0
4956 0
4957 0
4958 0
4959 0
4961 0
4962 0
4964 0
4965 0
4970 0
4972 0
4973 0
4974 0
4975 0
4976 0
4980 0
4981 0
4984 0
4985 0
4988 0
4989 0
5010 0
5015 0
5017 0
5018 0
5019 0
5021 0
5023 0
5027 0
5028 0
5045 0
5046 0
5049 0
5050 0
5051 0
5052 0
5053 0
5054 0
5055 0
5056 0
5057 0
5058 0
5059 0
5060 0
5061 0
5062 0
5063 0
5064 0
5065 0
5066 0
5069 0
5070 0
5071 0
5072 0
5075 0
5076 0
512 1
514 1
516 1
517 1
2053 1
518 1
519 1
520 1
521 1
522 1
523 1
524 1
2062 1
527 1
528 1
529 1
531 1
532 1
533 1
534 1
535 1
536 1
537 1
538 1
2077 1
541 1
2078 1
543 1
545 1
546 1
547 1
548 1
549 1
550 1
2087 1
552 1
553 1
554 1
2092 1
556 1
2093 1
2094 1
558 1
559 1
560 1
2096 1
561 1
2098 1
562 1
53 1
2101 1
565 1
54 1
566 1
567 1
2104 1
568 1
2105 1
569 1
2106 1
570 1
2107 1
2108 1
2109 1
2110 1
2111 1
575 1
2112 1
576 1
577 1
579 1
580 1
2116 1
581 1
582 1
2118 1
583 1
2119 1
584 1
2120 1
585 1
586 1
2122 1
587 1
2123 1
588 1
2125 1
589 1
594 1
595 1
600 1
601 1
602 1
603 1
604 1
605 1
606 1
608 1
613 1
617 1
618 1
619 1
620 1
621 1
627 1
628 1
629 1
630 1
631 1
632 1
633 1
3705 1
634 1
635 1
636 1
3708 1
637 1
3709 1
3713 1
3714 1
3715 1
3723 1
659 1
662 1
666 1
672 1
673 1
674 1
675 1
688 1
689 1
3768 1
3770 1
3771 1
3772 1
3773 1
3775 1
3777 1
3778 1
3780 1
3781 1
3782 1
3783 1
3784 1
3785 1
3787 1
3788 1
3789 1
3790 1
3791 1
3792 1
3793 1
3794 1
3795 1
3796 1
3801 1
3384 1
3389 1
3390 1
3391 1
3392 1
3393 1
3394 1
3395 1
4421 1
4422 1
4423 1
4424 1
4425 1
4426 1
4427 1
4430 1
337 1
339 1
342 1
3415 1
4439 1
345 1
347 1
348 1
349 1
3422 1
3423 1
3425 1
357 1
359 1
360 1
361 1
363 1
364 1
365 1
366 1
367 1
368 1
369 1
370 1
371 1
372 1
3444 1
373 1
3445 1
374 1
3446 1
375 1
376 1
377 1
378 1
379 1
380 1
381 1
382 1
383 1
386 1
387 1
388 1
3460 1
389 1
390 1
391 1
392 1
3464 1
393 1
3465 1
3466 1
394 1
395 1
3467 1
396 1
3468 1
397 1
3469 1
3470 1
399 1
400 1
3472 1
401 1
402 1
3474 1
403 1
3475 1
404 1
3476 1
405 1
3477 1
406 1
3478 1
407 1
3479 1
3480 1
409 1
3481 1
410 1
411 1
412 1
3484 1
413 1
3485 1
414 1
3486 1
415 1
3487 1
416 1
417 1
3489 1
3490 1
3491 1
3492 1
421 1
3493 1
422 1
3494 1
3495 1
424 1
3496 1
3498 1
2474 1
3499 1
3500 1
3501 1
3502 1
3503 1
3504 1
3505 1
3506 1
3507 1
3508 1
446 1
450 1
451 1
456 1
457 1
464 1
465 1
468 1
469 1
470 1
471 1
472 1
473 1
474 1
475 1
476 1
477 1
478 1
479 1
480 1
481 1
482 1
483 1
484 1
485 1
486 1
487 1
488 1
490 1
491 1
492 1
493 1
494 1
495 1
496 1
497 1
498 1
499 1
500 1
501 1
502 1
503 1
504 1
505 1
507 1
509 1
510 1
2063 2
2064 2
2066 2
2068 2
2072 2
2073 2
76 2
77 2
78 2
86 2
87 2
88 2
90 2
91 2
92 2
93 2
94 2
95 2
96 2
97 2
100 2
101 2
102 2
103 2
105 2
106 2
107 2
108 2
109 2
110 2
111 2
112 2
113 2
114 2
115 2
116 2
117 2
118 2
119 2
120 2
121 2
122 2
123 2
124 2
125 2
126 2
127 2
128 2
129 2
131 2
132 2
133 2
134 2
135 2
136 2
137 2
138 2
139 2
140 2
141 2
142 2
143 2
145 2
146 2
147 2
148 2
150 2
151 2
153 2
154 2
155 2
157 2
158 2
159 2
160 2
161 2
162 2
164 2
167 2
168 2
169 2
173 2
174 2
177 2
178 2
179 2
180 2
181 2
182 2
183 2
184 2
185 2
186 2
187 2
189 2
191 2
192 2
193 2
194 2
195 2
196 2
197 2
198 2
199 2
200 2
201 2
202 2
215 2
218 2
219 2
221 2
222 2
226 2
227 2
228 2
229 2
230 2
231 2
232 2
233 2
234 2
235 2
236 2
237 2
239 2
241 2
242 2
243 2
244 2
245 2
246 2
247 2
251 2
252 2
253 2
254 2
255 2
256 2
263 2
269 2
270 2
273 2
274 2
275 2
276 2
277 2
279 2
281 2
282 2
283 2
284 2
285 2
286 2
288 2
290 2
294 2
1831 2
298 2
1834 2
1835 2
299 2
1837 2
302 2
303 2
304 2
1840 2
305 2
309 2
310 2
1854 2
318 2
319 2
320 2
1857 2
321 2
322 2
323 2
1860 2
324 2
1861 2
325 2
326 2
327 2
328 2
1865 2
329 2
330 2
1867 2
331 2
1868 2
332 2
333 2
334 2
1871 2
343 2
1884 2
1887 2
1891 2
1892 2
1893 2
1895 2
1896 2
1898 2
1900 2
1902 2
1903 2
1904 2
1905 2
1906 2
1907 2
1911 2
1915 2
1916 2
1917 2
1919 2
1920 2
1922 2
1924 2
1926 2
1930 2
907 2
908 2
1934 2
1935 2
1937 2
1938 2
1939 2
1940 2
1941 2
1942 2
1943 2
1944 2
1945 2
1946 2
1947 2
1948 2
1949 2
1950 2
1951 2
1952 2
1953 2
1955 2
1956 2
1960 2
1961 2
1962 2
1964 2
428 2
1965 2
429 2
1966 2
430 2
431 2
1968 2
432 2
1969 2
1970 2
1971 2
435 2
1972 2
436 2
1973 2
437 2
1974 2
1977 2
442 2
1978 2
1980 2
445 2
1982 2
1983 2
452 2
1989 2
1990 2
1991 2
1992 2
1993 2
1994 2
1995 2
1996 2
1998 2
1999 2
2001 2
2003 2
2005 2
2006 2
2007 2
2008 2
2011 2
2012 2
2018 2
2019 2
2020 2
2021 2
2022 2
2025 2
1536 3
1537 3
1538 3
1539 3
1540 3
1541 3
1543 3
1544 3
1545 3
1546 3
1547 3
1548 3
1550 3
1551 3
1552 3
1555 3
1556 3
1557 3
1558 3
1559 3
1560 3
1561 3
1562 3
1563 3
1564 3
1565 3
1566 3
1567 3
1571 3
1573 3
1574 3
1575 3
1576 3
1577 3
1578 3
1579 3
1580 3
1581 3
1582 3
1583 3
1584 3
1585 3
1586 3
1587 3
1588 3
1589 3
1590 3
1591 3
1592 3
1593 3
1594 3
1595 3
1596 3
1597 3
1602 3
1607 3
1654 3
1655 3
1658 3
1659 3
1660 3
1661 3
1662 3
1664 3
1665 3
1670 3
1672 3
1673 3
1674 3
1675 3
1676 3
1677 3
1678 3
1679 3
1680 3
1681 3
1682 3
1683 3
1684 3
1685 3
1686 3
1687 3
1688 3
1689 3
1690 3
1691 3
1692 3
1693 3
1694 3
1695 3
1696 3
1697 3
1698 3
1699 3
1700 3
1701 3
1702 3
1703 3
680 3
1704 3
1705 3
1706 3
1707 3
1710 3
1711 3
1716 3
1718 3
1719 3
1720 3
1735 3
1736 3
1737 3
1738 3
1739 3
1741 3
1743 3
1744 3
1759 3
1761 3
1373 3
1375 3
1378 3
1379 3
1380 3
1382 3
1385 3
1389 3
1390 3
1391 3
1392 3
1393 3
1394 3
1395 3
1396 3
1397 3
1398 3
1401 3
1402 3
1404 3
1405 3
1406 3
1408 3
1409 3
1410 3
1411 3
1413 3
1414 3
1415 3
1418 3
1419 3
1420 3
1422 3
1423 3
1424 3
1425 3
1426 3
1427 3
1428 3
1430 3
1431 3
1433 3
1435 3
1436 3
1437 3
1438 3
1439 3
1440 3
1441 3
1442 3
1444 3
1445 3
1446 3
1447 3
1448 3
1449 3
1450 3
1451 3
1452 3
1453 3
1454 3
1455 3
1456 3
1457 3
1459 3
1461 3
1463 3
1464 3
1465 3
1468 3
1469 3
1470 3
1471 3
1472 3
1473 3
1474 3
1475 3
1476 3
1477 3
1478 3
1479 3
1480 3
1481 3
1482 3
1483 3
1484 3
1485 3
1486 3
1487 3
1488 3
1489 3
1490 3
1491 3
1492 3
1493 3
1494 3
1495 3
1496 3
1497 3
1498 3
1499 3
1500 3
1501 3
1502 3
1503 3
1504 3
992 3
1505 3
993 3
1506 3
994 3
1507 3
995 3
1508 3
1509 3
1511 3
1515 3
1519 3
1520 3
1521 3
1522 3
1523 3
1528 3
1529 3
1530 3
1531 3
1532 3
1533 3
3618 4
3621 4
3623 4
3624 4
3625 4
3626 4
3627 4
3628 4
3629 4
3630 4
3631 4
3632 4
3633 4
3634 4
3635 4
3636 4
3637 4
3639 4
3640 4
3644 4
3664 4
3665 4
3669 4
3670 4
3672 4
3717 4
3720 4
3721 4
3728 4
3729 4
3730 4
3731 4
3735 4
3736 4
3737 4
3738 4
3739 4
3740 4
3741 4
3742 4
3743 4
3744 4
3745 4
3746 4
3750 4
3751 4
3752 4
3754 4
3755 4
3756 4
3757 4
3758 4
3759 4
3760 4
3761 4
3762 4
3763 4
3764 4
3765 4
3766 4
3767 4
3806 4
3807 4
3808 4
3810 4
3812 4
3817 4
3818 4
3820 4
3821 4
3823 4
3824 4
3825 4
3826 4
3827 4
3828 4
3830 4
3831 4
3832 4
3833 4
3835 4
3836 4
3837 4
3838 4
3839 4
3841 4
3843 4
3845 4
3846 4
3847 4
3848 4
3849 4
3850 4
3851 4
3852 4
3854 4
3855 4
3856 4
3858 4
3860 4
3862 4
3863 4
3864 4
3865 4
3866 4
3867 4
3868 4
3869 4
3870 4
3871 4
3872 4
3873 4
3874 4
3875 4
3876 4
3877 4
3878 4
3879 4
3880 4
3881 4
3882 4
3883 4
3884 4
3885 4
3886 4
3887 4
3888 4
3889 4
3890 4
3891 4
3892 4
3893 4
4405 4
3894 4
4406 4
3895 4
4407 4
3896 4
3897 4
3898 4
3899 4
3901 4
3902 4
3903 4
3904 4
3905 4
3907 4
3908 4
3910 4
3911 4
3912 4
3913 4
3914 4
3915 4
3916 4
3917 4
3918 4
3919 4
3920 4
4433 4
3921 4
3922 4
4435 4
4436 4
4438 4
3926 4
3927 4
3928 4
4441 4
4442 4
4443 4
4444 4
4445 4
3933 4
3934 4
4449 4
3937 4
4450 4
4451 4
4452 4
4453 4
3941 4
4454 4
3942 4
4455 4
3943 4
4456 4
3944 4
4457 4
3945 4
3946 4
4458 4
4459 4
3947 4
4460 4
3948 4
4461 4
3949 4
4462 4
3950 4
3951 4
4463 4
4464 4
3952 4
4465 4
3953 4
4466 4
3954 4
4467 4
3955 4
4468 4
3956 4
4469 4
3957 4
4470 4
3958 4
4471 4
3959 4
4472 4
3960 4
4473 4
3961 4
4474 4
3962 4
3963 4
4475 4
4476 4
3964 4
4477 4
3965 4
4478 4
3966 4
4479 4
3967 4
3968 4
3969 4
3970 4
4482 4
4483 4
3971 4
4484 4
3972 4
4485 4
3973 4
3974 4
4487 4
3975 4
4488 4
3976 4
4489 4
3977 4
4490 4
3978 4
4491 4
3979 4
3980 4
4492 4
3981 4
4493 4
4494 4
3982 4
3983 4
4495 4
4496 4
3984 4
4497 4
3985 4
4498 4
4499 4
3987 4
3988 4
3989 4
4501 4
3990 4
4502 4
3991 4
3992 4
3993 4
4506 4
3994 4
4507 4
3995 4
4508 4
4509 4
3997 4
4510 4
3998 4
4511 4
3999 4
4000 4
4512 4
4513 4
4001 4
4514 4
4515 4
4003 4
4516 4
4517 4
4005 4
4006 4
4007 4
4008 4
4521 4
4010 4
4522 4
4011 4
2476 4
4012 4
4013 4
4014 4
4015 4
4528 4
4016 4
4017 4
4530 4
4018 4
4019 4
2484 4
4020 4
2485 4
4533 4
4021 4
2486 4
4022 4
2487 4
4023 4
2488 4
4024 4
4536 4
2489 4
4537 4
2490 4
4026 4
2491 4
4539 4
2492 4
4028 4
2493 4
2494 4
4543 4
5159 5
4656 5
4658 5
4659 5
4660 5
4662 5
4663 5
4664 5
4665 5
4666 5
4667 5
4668 5
4669 5
4670 5
4671 5
4673 5
4674 5
4675 5
4676 5
4677 5
4678 5
4679 5
4680 5
4681 5
4682 5
4683 5
4684 5
4685 5
4686 5
4687 5
4688 5
4689 5
4691 5
4692 5
4693 5
4694 5
4697 5
4698 5
4699 5
4700 5
4253 5
4255 5
4257 5
4258 5
4260 5
4261 5
4262 5
4263 5
4264 5
6317 5
6319 5
6320 5
6321 5
6322 5
4279 5
6327 5
4280 5
4281 5
6329 5
4282 5
6330 5
4284 5
6333 5
4286 5
6335 5
4287 5
4288 5
6337 5
6338 5
6339 5
6340 5
6341 5
6342 5
6343 5
6344 5
6345 5
6346 5
6347 5
6348 5
6349 5
6350 5
6351 5
6352 5
6353 5
6354 5
6355 5
6356 5
6357 5
6358 5
6359 5
6360 5
6361 5
6362 5
6363 5
6364 5
6365 5
6366 5
6878 5
6879 5
6880 5
6881 5
6882 5
6883 5
6884 5
6885 5
6886 5
6887 5
6888 5
6889 5
6890 5
6891 5
6892 5
6893 5
6894 5
4334 5
6382 5
6895 5
6383 5
6384 5
6897 5
6385 5
6898 5
6386 5
6899 5
6388 5
6901 5
6389 5
6390 5
6902 5
6903 5
6391 5
6904 5
6905 5
6906 5
6907 5
6908 5
6396 5
6909 5
6397 5
6910 5
6398 5
6911 5
6399 5
6912 5
6400 5
6913 5
6914 5
6915 5
6916 5
6917 5
6918 5
6919 5
6920 5
6921 5
6922 5
6923 5
6924 5
6925 5
6926 5
6927 5
6928 5
6929 5
6930 5
6931 5
6932 5
6935 5
6936 5
6937 5
6938 5
6941 5
6942 5
6945 5
6947 5
6948 5
6949 5
6438 5
6950 5
6951 5
6439 5
6952 5
6440 5
6953 5
6441 5
6954 5
6442 5
6955 5
6443 5
6956 5
6444 5
6957 5
6445 5
6958 5
6446 5
6959 5
6960 5
6961 5
6449 5
6962 5
6450 5
6963 5
6451 5
6964 5
6452 5
6965 5
6966 5
6454 5
6967 5
6968 5
6456 5
6969 5
6457 5
4410 5
6970 5
6458 5
6971 5
6459 5
6972 5
6460 5
6973 5
6461 5
6462 5
6974 5
6975 5
6463 5
6464 5
6976 5
6977 5
6465 5
6978 5
6466 5
6467 5
6979 5
6468 5
6980 5
6469 5
6981 5
6982 5
6471 5
6983 5
6984 5
6985 5
6986 5
7050 5
4556 5
2522 5
2523 5
5107 5
4096 6
4097 6
4098 6
4099 6
4100 6
4101 6
4102 6
4103 6
4104 6
4105 6
4106 6
4107 6
4108 6
4110 6
4111 6
4112 6
4113 6
4114 6
3091 6
4115 6
4116 6
4117 6
4118 6
4121 6
4122 6
4123 6
4124 6
3100 6
4125 6
4126 6
3103 6
4127 6
4128 6
3105 6
4129 6
3106 6
4130 6
3107 6
4131 6
3108 6
4132 6
3109 6
4133 6
3110 6
4134 6
3111 6
4135 6
3112 6
4136 6
3113 6
4137 6
4138 6
4139 6
4140 6
4141 6
3117 6
4142 6
4143 6
4144 6
4145 6
3122 6
4146 6
3123 6
4147 6
4148 6
4149 6
3126 6
4150 6
4151 6
3128 6
4152 6
4153 6
4154 6
3131 6
4155 6
3132 6
4156 6
3133 6
4157 6
3134 6
4158 6
4159 6
4160 6
4161 6
4162 6
4163 6
4164 6
3140 6
4165 6
4166 6
4167 6
4168 6
4169 6
3145 6
4170 6
4171 6
4172 6
4173 6
4174 6
4175 6
4176 6
4177 6
4178 6
4179 6
3155 6
4180 6
4181 6
4182 6
3158 6
4183 6
3159 6
4184 6
3160 6
4185 6
3161 6
4186 6
4188 6
4189 6
3165 6
4190 6
3166 6
4191 6
3167 6
3168 6
4192 6
4193 6
4194 6
3170 6
4195 6
3171 6
4196 6
3172 6
4197 6
3173 6
4198 6
4199 6
4200 6
4201 6
3177 6
3178 6
3179 6
3180 6
4204 6
3181 6
4205 6
3182 6
4206 6
3183 6
4207 6
3184 6
4208 6
4209 6
3185 6
4210 6
3186 6
4211 6
3187 6
4212 6
3188 6
4213 6
3189 6
3190 6
4214 6
3191 6
4215 6
3192 6
4216 6
4217 6
3193 6
3194 6
4218 6
3195 6
4219 6
3196 6
4220 6
3197 6
4221 6
4222 6
4223 6
4224 6
4225 6
4226 6
4227 6
4228 6
4229 6
4230 6
4231 6
4232 6
3208 6
4233 6
4234 6
3210 6
4235 6
3211 6
4236 6
3212 6
4237 6
3213 6
4238 6
3214 6
4239 6
3215 6
4240 6
3216 6
4241 6
4242 6
3218 6
3219 6
4243 6
3220 6
4244 6
4245 6
3222 6
4246 6
3223 6
3224 6
4248 6
4294 6
3272 6
4296 6
3273 6
3274 6
3275 6
3276 6
3277 6
3278 6
3279 6
3280 6
3281 6
3282 6
3283 6
3284 6
3286 6
3287 6
3288 6
3291 6
4317 6
3293 6
3294 6
3295 6
3296 6
3297 6
3298 6
3299 6
3300 6
4325 6
3301 6
3303 6
3304 6
3305 6
3306 6
3307 6
3308 6
3309 6
3310 6
3311 6
4336 6
3312 6
4337 6
3313 6
4338 6
3314 6
4339 6
4340 6
4341 6
4342 6
4343 6
4344 6
4345 6
4346 6
4347 6
4348 6
4349 6
4350 6
4351 6
4352 6
4357 6
4358 6
4359 6
4360 6
4361 6
4363 6
4364 6
4365 6
4366 6
3342 6
3343 6
4368 6
4369 6
4370 6
4371 6
3348 6
3349 6
4376 6
3352 6
4377 6
4378 6
4379 6
4380 6
4384 6
4404 6
4408 6
3544 6
3562 6
3563 6
3564 6
3565 6
3566 6
3567 6
3568 6
3569 6
3570 6
3571 6
3572 6
3573 6
3574 6
3575 6
3576 6
3578 6
3579 6
3580 6
3581 6
3582 6
3583 6
3584 6
3585 6
3586 6
3587 6
3592 6
3593 6
3598 6
3600 6
3602 6
3603 6
3604 6
3609 6
3610 6
3677 6
3679 6
3684 6
3685 6
3686 6
3687 6
3688 6
3929 6
3930 6
3931 6
3932 6
3935 6
2981 6
2982 6
2983 6
2985 6
2986 6
2987 6
2988 6
2989 6
2990 6
2991 6
2992 6
2995 6
2996 6
2998 6
3002 6
3003 6
3004 6
4029 6
4031 6
4032 6
4033 6
4034 6
4036 6
4037 6
4039 6
4040 6
4041 6
4042 6
4045 6
4047 6
4048 6
4049 6
4050 6
4051 6
4052 6
4053 6
4054 6
4055 6
4056 6
4057 6
4058 6
4059 6
4060 6
4061 6
4062 6
4063 6
4064 6
4065 6
4066 6
4067 6
4068 6
4069 6
4070 6
4071 6
4072 6
4073 6
4074 6
4075 6
4076 6
4077 6
4078 6
4079 6
4080 6
4081 6
4082 6
4083 6
4084 6
4085 6
4086 6
4087 6
4088 6
4089 6
4090 6
4091 6
4092 6
4093 6
4094 6
4095 6
3072 7
6144 7
6145 7
6146 7
6147 7
6148 7
6151 7
6152 7
6153 7
6154 7
6155 7
6156 7
6157 7
6158 7
6159 7
6160 7
6161 7
6162 7
3098 7
6179 7
6184 7
6186 7
6187 7
6188 7
6189 7
6190 7
6191 7
6192 7
6195 7
6205 7
6207 7
6208 7
6209 7
6210 7
6211 7
6212 7
6213 7
6214 7
6215 7
6216 7
6217 7
6218 7
6219 7
6220 7
6221 7
6222 7
6223 7
6224 7
6225 7
6226 7
6227 7
6228 7
6230 7
6231 7
6232 7
6233 7
6234 7
6235 7
6236 7
6237 7
6238 7
6239 7
6240 7
6241 7
6243 7
6244 7
6247 7
6248 7
6249 7
6250 7
6251 7
6252 7
6253 7
6255 7
6264 7
3199 7
3200 7
3201 7
3202 7
3203 7
3204 7
3205 7
3206 7
6278 7
3207 7
6279 7
6280 7
6281 7
6282 7
6283 7
6284 7
6285 7
6286 7
6287 7
6288 7
6289 7
3217 7
6290 7
6291 7
6292 7
6293 7
3221 7
6294 7
6295 7
6296 7
3225 7
6297 7
3226 7
6298 7
3227 7
6299 7
3228 7
6300 7
3229 7
6301 7
3230 7
6302 7
3231 7
6303 7
3232 7
6304 7
3233 7
3234 7
6306 7
3235 7
3236 7
3237 7
6309 7
3238 7
3239 7
3240 7
3241 7
3242 7
6314 7
3243 7
3244 7
6316 7
3245 7
3246 7
3247 7
3248 7
3249 7
3250 7
3251 7
3252 7
3253 7
3254 7
3255 7
3256 7
3257 7
3258 7
3259 7
3260 7
3261 7
3262 7
3263 7
3264 7
3265 7
3266 7
3267 7
3269 7
3270 7
3271 7
3285 7
6367 7
6368 7
3315 7
3316 7
3317 7
3318 7
3319 7
3320 7
3321 7
3322 7
3323 7
3324 7
3325 7
3326 7
3327 7
3328 7
3329 7
3330 7
3332 7
3333 7
3334 7
3335 7
3336 7
3337 7
3338 7
3339 7
3340 7
3341 7
3344 7
3345 7
3346 7
3347 7
3350 7
3351 7
3353 7
3354 7
3355 7
3356 7
3357 7
3358 7
5526 7
5527 7
5528 7
5530 7
5531 7
5532 7
5534 7
5536 7
5537 7
5538 7
5539 7
5544 7
5545 7
5548 7
5549 7
5550 7
4580 7
4584 7
4586 7
4587 7
4588 7
4589 7
4590 7
4591 7
4592 7
4593 7
4594 7
4595 7
4596 7
4597 7
4598 7
4599 7
4600 7
4601 7
4602 7
4603 7
4604 7
4605 7
4606 7
4607 7
4608 7
4609 7
4610 7
4611 7
4612 7
4613 7
4614 7
4615 7
4616 7
4617 7
4618 7
4619 7
4620 7
4621 7
4622 7
4623 7
4624 7
4625 7
4626 7
5650 7
4627 7
4628 7
4629 7
4630 7
4631 7
4632 7
4633 7
4634 7
5658 7
4635 7
5659 7
4636 7
5660 7
4637 7
5661 7
4638 7
4639 7
4640 7
4641 7
4642 7
4643 7
4644 7
5668 7
4645 7
5669 7
4646 7
5670 7
4647 7
4649 7
4650 7
4651 7
6053 7
6054 7
6055 7
6056 7
6057 7
6058 7
6059 7
6060 7
6061 7
6062 7
6063 7
6064 7
6065 7
6066 7
6067 7
6068 7
6069 7
6070 7
6071 7
6072 7
6073 7
6074 7
6075 7
6076 7
6077 7
6078 7
6079 7
6080 7
6081 7
6082 7
6083 7
6086 7
6087 7
6088 7
6091 7
6092 7
6093 7
6094 7
6095 7
6096 7
6097 7
6098 7
6099 7
6100 7
6101 7
6102 7
6103 7
3032 7
6104 7
3033 7
6105 7
6106 7
6107 7
6108 7
3036 7
6109 7
6110 7
3038 7
6111 7
3039 7
3040 7
6112 7
6113 7
3042 7
6114 7
3043 7
6115 7
3044 7
6116 7
3045 7
6117 7
3046 7
6118 7
3047 7
6119 7
3048 7
6120 7
3049 7
6121 7
6122 7
3050 7
6123 7
3051 7
6124 7
3052 7
6125 7
3053 7
6126 7
6127 7
6128 7
6129 7
3057 7
3058 7
3059 7
6131 7
6132 7
3061 7
6133 7
3062 7
3063 7
6135 7
3064 7
6136 7
3065 7
3066 7
6138 7
3067 7
3068 7
6140 7
3069 7
6141 7
3070 7
6142 7
3071 7
6143 7
6163 8
6165 8
6167 8
6168 8
6170 8
6174 8
6176 8
6177 8
6180 8
6182 8
6183 8
6193 8
6194 8
6196 8
6197 8
6198 8
6199 8
6200 8
6201 8
6202 8
6204 8
5324 8
5326 8
5328 8
5329 8
5330 8
5332 8
5333 8
5335 8
5337 8
5338 8
5339 8
5346 8
5347 8
5348 8
5349 8
5352 8
5353 8
5354 8
4331 8
5355 8
4332 8
5356 8
5357 8
5358 8
5359 8
5360 8
5361 8
5363 8
5365 8
5368 8
5369 8
5371 8
5372 8
5373 8
5374 8
5375 8
5376 8
5377 8
5378 8
5379 8
5380 8
5381 8
5382 8
5383 8
5384 8
5411 8
5412 8
5461 8
5463 8
5464 8
5468 8
5473 8
5474 8
5476 8
6500 8
5477 8
5478 8
5482 8
6509 8
6512 8
6515 8
5495 8
5500 8
5501 8
5502 8
5503 8
5504 8
5505 8
5506 8
5507 8
6533 8
6536 8
6537 8
6538 8
6540 8
5551 8
5552 8
5564 8
5566 8
5567 8
5568 8
5580 8
5587 8
5588 8
5589 8
5590 8
5591 8
5594 8
5595 8
5596 8
5597 8
5598 8
5599 8
5600 8
5601 8
5602 8
5603 8
5604 8
5605 8
5606 8
5607 8
5609 8
5610 8
5611 8
5612 8
5613 8
5615 8
5616 8
5617 8
5618 8
5620 8
5621 8
5622 8
5623 8
5624 8
5625 8
5627 8
5628 8
5629 8
5630 8
5631 8
5633 8
5636 8
5637 8
5639 8
5640 8
5641 8
5642 8
5643 8
5644 8
5645 8
5646 8
6670 8
5647 8
6671 8
5648 8
6672 8
6673 8
6674 8
6675 8
5662 8
5663 8
5664 8
5666 8
5680 8
5681 8
5682 8
5683 8
5684 8
5686 8
5688 8
5689 8
5690 8
5691 8
5692 8
5693 8
5694 8
5695 8
5696 8
5697 8
5698 8
5699 8
5701 8
5702 8
5703 8
5704 8
5706 8
5709 8
5724 8
5727 8
5728 8
5729 8
5737 8
5738 8
5739 8
5743 8
5744 8
5745 8
5746 8
5747 8
5748 8
5749 8
5750 8
5751 8
5752 8
5753 8
5761 8
5762 8
5764 8
5765 8
5766 8
5767 8
5768 8
5769 8
5770 8
5772 8
5773 8
5774 8
5775 8
5776 8
5777 8
5781 8
5782 8
5783 8
5784 8
5785 8
5786 8
5787 8
5788 8
5789 8
5790 8
5791 8
5792 8
5793 8
5794 8
5795 8
5796 8
5797 8
5798 8
5799 8
5800 8
5801 8
5802 8
5803 8
5804 8
5805 8
5806 8
5807 8
5808 8
5809 8
5810 8
5811 8
5812 8
5813 8
5814 8
5815 8
5816 8
5817 8
5819 8
5824 8
5825 8
5826 8
5828 8
5829 8
5834 8
5835 8
5836 8
5837 8
5838 8
5839 8
5840 8
5841 8
5842 8
5843 8
5844 8
5845 8
5846 8
5847 8
5848 8
5849 8
5850 8
5851 8
5852 8
5854 8
5855 8
5856 8
5857 8
5858 8
5859 8
5860 8
5861 8
5862 8
5863 8
5864 8
5865 8
5866 8
5868 8
5869 8
5871 8
5872 8
5873 8
5874 8
5875 8
5877 8
5878 8
5879 8
5880 8
5881 8
5882 8
5883 8
5886 8
5887 8
5888 8
5889 8
5890 8
5891 8
5892 8
5893 8
5894 8
5895 8
5896 8
5897 8
5898 8
5899 8
5900 8
5901 8
5902 8
5903 8
5904 8
5905 8
5906 8
5907 8
5908 8
5909 8
5910 8
5912 8
5913 8
5914 8
5915 8
5916 8
5920 8
5921 8
5922 8
5923 8
5924 8
5925 8
5926 8
5928 8
5929 8
5930 8
5931 8
5932 8
5933 8
5934 8
5935 8
5936 8
5938 8
5939 8
5940 8
5941 8
5942 8
5943 8
5944 8
5945 8
5946 8
5948 8
5949 8
5955 8
5956 8
5957 8
5958 8
5959 8
5965 8
5966 8
5967 8
5968 8
5969 8
5970 8
5973 8
5974 8
5975 8
5976 8
5981 8
5982 8
5984 8
5985 8
5986 8
5987 8
5988 8
5989 8
5990 8
5992 8
5995 8
5998 8
5999 8
6000 8
6001 8
6002 8
6003 8
6004 8
6005 8
6006 8
6007 8
6008 8
6009 8
6010 8
6011 8
6017 8
6018 8
6037 8
6038 8
6039 8
6040 8
6044 8
6139 8
6656 9
6657 9
6658 9
6659 9
6660 9
6661 9
6662 9
6663 9
6664 9
6665 9
6666 9
6667 9
6668 9
6669 9
6681 9
5672 9
5673 9
6710 9
6712 9
6713 9
6714 9
6715 9
6716 9
6717 9
6718 9
6719 9
6720 9
6721 9
6722 9
6723 9
6724 9
6725 9
6726 9
6727 9
6728 9
6729 9
6730 9
6731 9
6732 9
6733 9
6734 9
6735 9
6736 9
6737 9
6738 9
6739 9
6740 9
6741 9
6742 9
6743 9
6744 9
6745 9
6746 9
6747 9
6748 9
6749 9
6750 9
6751 9
6752 9
6753 9
6754 9
6755 9
6756 9
6757 9
6758 9
6759 9
6760 9
6761 9
6762 9
6763 9
6764 9
6765 9
6766 9
6768 9
6769 9
6770 9
6771 9
6772 9
6773 9
6774 9
6775 9
6263 9
6776 9
6777 9
6778 9
6779 9
6780 9
6268 9
6269 9
6271 9
6783 9
6784 9
6785 9
6786 9
6274 9
6787 9
6275 9
6788 9
6276 9
6789 9
6277 9
6790 9
6791 9
6792 9
6794 9
6802 9
6807 9
6808 9
6809 9
6810 9
6811 9
6812 9
6813 9
6814 9
6815 9
6816 9
6817 9
6818 9
6819 9
6820 9
6821 9
6822 9
6823 9
6824 9
6825 9
6826 9
6827 9
6828 9
6829 9
6831 9
6835 9
6836 9
6837 9
6839 9
6842 9
6843 9
6844 9
6848 9
6849 9
6850 9
6851 9
6852 9
6853 9
6854 9
6855 9
6857 9
6861 9
6862 9
6863 9
6864 9
6866 9
6404 9
6408 9
6410 9
6411 9
6413 9
6414 9
6416 9
6417 9
6420 9
6421 9
6422 9
6423 9
6424 9
6425 9
6426 9
6427 9
6428 9
6429 9
6431 9
6432 9
6433 9
6434 9
6435 9
6436 9
6437 9
5420 9
6472 9
6473 9
6474 9
6477 9
6478 9
6990 9
6479 9
6991 9
6480 9
6481 9
6482 9
6483 9
6485 9
6487 9
7015 9
7016 9
7017 9
7018 9
7019 9
7020 9
7023 9
7024 9
6513 9
6514 9
6516 9
7031 9
6545 9
6546 9
6549 9
6550 9
6551 9
6552 9
6553 9
6554 9
6555 9
6556 9
6558 9
6564 9
6565 9
6566 9
6567 9
7080 9
6569 9
7081 9
6570 9
6572 9
6573 9
6575 9
6576 9
6577 9
6578 9
6579 9
6580 9
6581 9
6582 9
6583 9
6584 9
6585 9
6586 9
6587 9
6588 9
6591 9
6592 9
6593 9
6594 9
6595 9
6597 9
6598 9
6600 9
6602 9
6603 9
6604 9
6605 9
6606 9
6607 9
6608 9
6609 9
6611 9
6612 9
6613 9
6614 9
6615 9
6616 9
6617 9
6618 9
6619 9
6620 9
6621 9
6622 9
6623 9
6624 9
6625 9
6626 9
6627 9
6628 9
6629 9
6630 9
6631 9
6632 9
6633 9
6634 9
6635 9
6636 9
6638 9
6639 9
6640 9
6641 9
6642 9
6643 9
6644 9
6645 9
6646 9
6647 9
6648 9
6649 9
6650 9
6651 9
6652 9
6653 9
6654 9
6655 9
7225 10
7226 10
7227 10
7228 10
7229 10
7230 10
7231 10
7232 10
7233 10
7234 10
7235 10
7236 10
7237 10
7238 10
7239 10
7240 10
7241 10
7242 10
7243 10
7244 10
7245 10
7246 10
7247 10
7248 10
7249 10
7250 10
7251 10
7252 10
7253 10
7254 10
7255 10
7256 10
7257 10
7258 10
7259 10
7260 10
7261 10
7262 10
7263 10
7264 10
7265 10
7266 10
7267 10
7268 10
7269 10
7270 10
7271 10
7272 10
7273 10
7274 10
7275 10
7276 10
7277 10
7278 10
7279 10
7280 10
7282 10
7285 10
7286 10
7287 10
7288 10
7289 10
7291 10
7293 10
7311 10
7312 10
7313 10
7331 10
7332 10
7333 10
7334 10
9382 10
9383 10
7335 10
7336 10
9384 10
9385 10
7337 10
7338 10
9386 10
7339 10
9387 10
7340 10
9388 10
9389 10
7341 10
9390 10
7342 10
9391 10
7343 10
9392 10
7344 10
7345 10
9393 10
7346 10
9394 10
7347 10
9395 10
7348 10
9396 10
7349 10
9397 10
7350 10
9398 10
7351 10
7352 10
7353 10
7354 10
7355 10
7356 10
7357 10
7358 10
7359 10
7360 10
7361 10
7362 10
7363 10
7364 10
7365 10
7366 10
7367 10
7368 10
7369 10
7370 10
7371 10
7372 10
7373 10
7374 10
7375 10
7376 10
7377 10
7378 10
7379 10
7380 10
7381 10
7382 10
7383 10
7384 10
7385 10
7387 10
7388 10
7389 10
7390 10
7391 10
7392 10
7393 10
7394 10
7395 10
7396 10
7397 10
7398 10
7399 10
7400 10
7401 10
7402 10
7403 10
7404 10
7405 10
7406 10
7410 10
7411 10
7412 10
7413 10
7414 10
7415 10
7416 10
7417 10
7418 10
7419 10
7420 10
7421 10
7422 10
7423 10
7424 10
7425 10
7426 10
7427 10
7431 10
7432 10
7433 10
7434 10
7435 10
7436 10
7437 10
7438 10
7439 10
7464 10
8502 10
8503 10
8504 10
8506 10
8512 10
8513 10
8514 10
8515 10
8516 10
8517 10
8518 10
8519 10
8520 10
8521 10
8522 10
8523 10
7499 10
7500 10
8524 10
8525 10
7501 10
8526 10
7502 10
7503 10
8527 10
8528 10
7504 10
8529 10
7505 10
7506 10
8530 10
8531 10
7507 10
8532 10
7508 10
8533 10
7509 10
7510 10
8534 10
7511 10
8535 10
8536 10
7512 10
7513 10
7514 10
7515 10
8539 10
8540 10
8541 10
7517 10
7520 10
7521 10
7523 10
7524 10
8548 10
7525 10
7526 10
7527 10
7528 10
7529 10
7530 10
7531 10
7532 10
7533 10
7534 10
7535 10
8560 10
8561 10
7537 10
8562 10
7539 10
8563 10
8564 10
8565 10
8566 10
8567 10
8568 10
8569 10
8570 10
8571 10
8572 10
8573 10
8574 10
8575 10
8576 10
8577 10
8578 10
8579 10
8580 10
8581 10
8582 10
8583 10
8584 10
8585 10
8586 10
8587 10
8588 10
8589 10
8590 10
8591 10
8592 10
8593 10
8594 10
9619 10
8595 10
9620 10
8596 10
9621 10
9622 10
7639 10
7640 10
7641 10
7642 10
7643 10
7644 10
7645 10
7646 10
7647 10
7648 10
7649 10
7650 10
7651 10
7652 10
7653 10
7654 10
7655 10
7656 10
7657 10
7664 10
7665 10
7666 10
7668 10
7671 10
7672 10
7673 10
7677 10
9726 10
7679 10
7680 10
7682 10
7691 10
7692 10
7695 10
7696 10
7697 10
7698 10
7699 10
7702 10
7708 10
7710 10
7711 10
7714 10
7715 10
8747 10
8748 10
8750 10
8751 10
8752 10
8755 10
8756 10
8757 10
8761 10
8762 10
8763 10
7741 10
7742 10
8771 10
8773 10
9806 10
7890 10
7891 10
7892 10
7893 10
7894 10
7939 10
7957 10
7964 10
7965 10
7966 10
7968 10
7969 10
9043 10
9044 10
9046 10
9047 10
9048 10
9049 10
9050 10
9051 10
9052 10
9053 10
9054 10
9055 10
9056 10
9057 10
9058 10
9059 10
9060 10
9061 10
9062 10
9063 10
9064 10
9065 10
9066 10
9067 10
9068 10
9069 10
9070 10
9071 10
9073 10
9074 10
9075 10
9076 10
9077 10
9078 10
9079 10
9080 10
9081 10
9082 10
9083 10
9084 10
9085 10
9086 10
9087 10
9088 10
9089 10
9090 10
9091 10
9092 10
9093 10
9101 10
8089 10
8091 10
8093 10
8094 10
8095 10
8096 10
8097 10
8098 10
8099 10
8101 10
8102 10
8103 10
8104 10
8105 10
8109 10
8110 10
8114 10
8115 10
8116 10
8117 10
8118 10
8137 10
8138 10
8139 10
8140 10
8141 10
8142 10
9170 10
8147 10
8148 10
9172 10
9173 10
9174 10
9175 10
8151 10
9176 10
8152 10
9177 10
8153 10
9178 10
8154 10
9179 10
8155 10
9180 10
8156 10
9181 10
8157 10
9182 10
8158 10
8159 10
9183 10
8160 10
8161 10
8162 10
8163 10
9189 10
9199 10
9200 10
9201 10
9202 10
9203 10
9204 10
9205 10
9206 10
9207 10
9210 10
9216 11
9217 11
9218 11
9219 11
9220 11
9221 11
9222 11
9223 11
9225 11
9226 11
9227 11
9228 11
9229 11
9230 11
9231 11
9232 11
9233 11
9234 11
9235 11
9236 11
9237 11
9238 11
9239 11
9241 11
9242 11
9243 11
9244 11
9245 11
9246 11
9247 11
9248 11
9249 11
9250 11
9251 11
9252 11
9253 11
9254 11
9255 11
9256 11
9257 11
9258 11
9259 11
9260 11
9261 11
9262 11
9263 11
9264 11
9265 11
9267 11
9268 11
9269 11
9271 11
9272 11
9273 11
9274 11
9275 11
9276 11
9277 11
9278 11
9279 11
9280 11
9281 11
9282 11
9283 11
9285 11
9286 11
9287 11
9288 11
9289 11
9290 11
9291 11
9292 11
9293 11
9294 11
9295 11
9296 11
9297 11
9298 11
9299 11
9300 11
9301 11
9302 11
9303 11
9304 11
9305 11
9307 11
9308 11
9309 11
9310 11
9311 11
9312 11
9313 11
9314 11
9315 11
9316 11
9317 11
9318 11
9319 11
9320 11
9321 11
9322 11
9323 11
9324 11
9326 11
9327 11
9328 11
7281 11
9329 11
9330 11
9331 11
7283 11
7284 11
9332 11
9333 11
9334 11
9335 11
9336 11
7294 11
9343 11
7295 11
9344 11
7296 11
9345 11
7297 11
9346 11
7298 11
9347 11
7299 11
9348 11
7300 11
9349 11
7301 11
9350 11
7302 11
7303 11
9351 11
9352 11
7304 11
7305 11
9353 11
7306 11
9354 11
7307 11
9355 11
7308 11
9356 11
7309 11
9357 11
9358 11
7310 11
9359 11
9360 11
9361 11
7314 11
9362 11
7315 11
9363 11
7318 11
9367 11
7319 11
9368 11
7320 11
9369 11
7321 11
9370 11
7322 11
7323 11
9371 11
7324 11
9372 11
7325 11
9373 11
7326 11
7327 11
7328 11
9376 11
7329 11
9377 11
7330 11
9378 11
9399 11
9400 11
9401 11
9402 11
9414 11
9415 11
9416 11
9417 11
9418 11
9419 11
9420 11
9421 11
9422 11
9423 11
9424 11
9425 11
9426 11
9427 11
9428 11
9429 11
9430 11
9431 11
9432 11
9433 11
9434 11
9435 11
9436 11
9437 11
9438 11
9439 11
9440 11
9441 11
9442 11
9443 11
9444 11
9445 11
9446 11
9447 11
9448 11
9449 11
9450 11
9451 11
9452 11
9453 11
9454 11
9455 11
9456 11
9457 11
9458 11
9459 11
9460 11
9464 11
9465 11
9466 11
9468 11
9469 11
9470 11
9472 11
9473 11
9474 11
9475 11
9476 11
9477 11
9478 11
9480 11
9481 11
9482 11
9483 11
9484 11
9485 11
9486 11
9487 11
9488 11
9489 11
9490 11
9491 11
9492 11
9493 11
9494 11
7447 11
9495 11
9496 11
7448 11
9497 11
7449 11
9498 11
7451 11
9499 11
7452 11
9500 11
9501 11
9502 11
9503 11
9504 11
7457 11
9505 11
7458 11
9506 11
9507 11
9508 11
7460 11
9509 11
9510 11
9511 11
9512 11
9513 11
9514 11
9515 11
9516 11
9517 11
7470 11
9518 11
9519 11
9520 11
7472 11
9521 11
9522 11
9523 11
9524 11
9526 11
9527 11
9528 11
7480 11
9529 11
7481 11
9530 11
9531 11
9532 11
7484 11
7485 11
9533 11
9534 11
7487 11
9535 11
9536 11
7488 11
9537 11
7489 11
9538 11
7491 11
9539 11
9540 11
9541 11
7494 11
7495 11
9543 11
7496 11
9544 11
7497 11
9545 11
7498 11
9546 11
9547 11
9548 11
9549 11
9550 11
9551 11
9552 11
9553 11
9554 11
9555 11
9556 11
9557 11
9558 11
9559 11
9560 11
9561 11
9562 11
9563 11
9564 11
9565 11
9566 11
9567 11
9568 11
9569 11
9570 11
9571 11
9572 11
9573 11
9574 11
9575 11
9576 11
9577 11
9578 11
9579 11
9580 11
9582 11
9584 11
9585 11
9586 11
9587 11
7542 11
9590 11
7543 11
7544 11
9592 11
7545 11
7546 11
9594 11
7547 11
7548 11
7552 11
7553 11
7554 11
7555 11
7556 11
7562 11
7563 11
7564 11
7565 11
7567 11
7568 11
7569 11
7574 11
7578 11
7579 11
7584 11
7585 11
7589 11
7590 11
7591 11
7592 11
7593 11
7594 11
7595 11
7596 11
9647 11
7599 11
7600 11
7601 11
7602 11
7603 11
7604 11
7605 11
7606 11
7607 11
7608 11
7609 11
7610 11
7611 11
7612 11
7613 11
7614 11
7615 11
7616 11
7618 11
7619 11
7620 11
7760 11
7761 11
7786 11
7787 11
7788 11
7789 11
7792 11
7793 11
7794 11
7795 11
7796 11
7797 11
7798 11
7799 11
7800 11
7804 11
9148 11
9149 11
9150 11
9151 11
9152 11
9153 11
9154 11
9155 11
9156 11
9157 11
9158 11
9159 11
9160 11
9161 11
9162 11
9163 11
9164 11
9165 11
9166 11
9167 11
9168 11
9169 11
9171 11
9194 11
9195 11
9196 11
9197 11
9198 11
9209 11
9211 11
9212 11
9213 11
9214 11
9215 11
8192 12
8193 12
8194 12
8196 12
8197 12
8213 12
8214 12
8215 12
8216 12
8217 12
8218 12
8219 12
8220 12
8221 12
8222 12
8223 12
8224 12
8225 12
8226 12
8227 12
8228 12
8229 12
8230 12
8231 12
8232 12
8233 12
8234 12
8235 12
8236 12
8237 12
8238 12
8239 12
8240 12
8241 12
8242 12
8243 12
8244 12
8245 12
8246 12
8247 12
8248 12
8249 12
8250 12
8251 12
8252 12
8253 12
8254 12
8255 12
8256 12
8257 12
8258 12
8259 12
8260 12
8261 12
8262 12
8263 12
8264 12
8265 12
8266 12
8267 12
8268 12
8269 12
8270 12
8271 12
8272 12
8273 12
8274 12
8275 12
8276 12
8277 12
8278 12
8279 12
8280 12
8281 12
8282 12
8283 12
8284 12
8285 12
8286 12
8287 12
8288 12
8289 12
8290 12
8291 12
8292 12
8293 12
8294 12
8295 12
8296 12
8297 12
8298 12
8299 12
8300 12
8301 12
8302 12
8303 12
8304 12
8305 12
8306 12
8307 12
8308 12
8309 12
8310 12
8311 12
8312 12
8313 12
8314 12
8315 12
8316 12
8317 12
8318 12
8319 12
8320 12
8321 12
8322 12
8323 12
8835 12
8324 12
8836 12
8325 12
8837 12
8326 12
8327 12
8328 12
8840 12
8329 12
8841 12
8330 12
8842 12
8331 12
8843 12
8332 12
8844 12
8333 12
8845 12
8334 12
8335 12
8847 12
8336 12
8848 12
8337 12
8849 12
8338 12
8850 12
8339 12
8340 12
8341 12
8342 12
8854 12
8343 12
8344 12
8345 12
8346 12
8347 12
8348 12
8349 12
8350 12
8351 12
8352 12
8353 12
7850 12
7851 12
7852 12
8364 12
7853 12
8365 12
7854 12
8366 12
8367 12
8368 12
8369 12
8370 12
8371 12
7859 12
8372 12
7860 12
8373 12
8374 12
7862 12
7863 12
8375 12
7864 12
8376 12
7865 12
8377 12
8378 12
7866 12
7867 12
8379 12
7868 12
8380 12
7869 12
8381 12
9405 12
7870 12
8382 12
9406 12
7871 12
8383 12
9407 12
7872 12
8384 12
9408 12
8385 12
7873 12
9409 12
7874 12
8386 12
7875 12
8387 12
7876 12
8388 12
7877 12
8389 12
7878 12
8390 12
7879 12
8391 12
7880 12
8392 12
7881 12
8393 12
7882 12
8394 12
7883 12
8395 12
7884 12
8396 12
7885 12
8397 12
8398 12
8399 12
8400 12
8401 12
8402 12
8404 12
8405 12
8406 12
8413 12
8414 12
8415 12
8416 12
8417 12
8418 12
8420 12
8421 12
8422 12
8423 12
8428 12
8429 12
8430 12
8431 12
8433 12
8434 12
8435 12
8436 12
8473 12
8474 12
8475 12
8476 12
8477 12
8478 12
8479 12
8480 12
8481 12
8482 12
8483 12
8484 12
8487 12
8011 12
8013 12
8015 12
8016 12
8017 12
8018 12
8019 12
8020 12
8021 12
8022 12
8023 12
8024 12
8035 12
8036 12
8038 12
8041 12
8042 12
8043 12
8044 12
8045 12
8046 12
8047 12
8048 12
8049 12
8050 12
8051 12
8052 12
9628 12
9631 12
9632 12
7622 12
7623 12
7624 12
7625 12
7626 12
7627 12
7628 12
7629 12
9693 12
9694 12
9697 12
9698 12
9701 12
8169 12
9707 12
8171 12
9708 12
8172 12
8173 12
8174 12
8175 12
9712 12
8180 12
8181 12
8182 12
8183 12
9719 12
8184 12
9720 12
8186 12
8187 12
9723 12
8188 12
8189 12
8190 12
8191 12
8704 13
8705 13
8706 13
8707 13
8708 13
8709 13
8710 13
8711 13
8712 13
8713 13
8714 13
8715 13
8716 13
8717 13
8718 13
8719 13
8720 13
8721 13
8722 13
8723 13
8724 13
8725 13
8726 13
8727 13
8728 13
8729 13
8730 13
8731 13
8732 13
8733 13
8734 13
8735 13
8736 13
8737 13
8738 13
8740 13
8741 13
8743 13
8744 13
8745 13
8746 13
8776 13
8777 13
8778 13
8779 13
8780 13
8781 13
8783 13
8784 13
8785 13
8788 13
8792 13
8856 13
8857 13
8858 13
8864 13
8865 13
8866 13
8867 13
8868 13
8869 13
8870 13
8871 13
8873 13
8874 13
8875 13
8876 13
8877 13
8878 13
8879 13
8880 13
8881 13
8882 13
8883 13
8888 13
8889 13
8890 13
8891 13
8892 13
8893 13
8894 13
8895 13
8896 13
8897 13
8898 13
8899 13
8900 13
8901 13
8902 13
8903 13
8904 13
8905 13
8906 13
8907 13
8908 13
8909 13
8910 13
8911 13
8912 13
8913 13
8914 13
8915 13
8916 13
8917 13
8918 13
8919 13
8922 13
8923 13
8924 13
8926 13
8927 13
8928 13
8929 13
8930 13
8931 13
8933 13
8934 13
8935 13
8424 13
8936 13
8425 13
8937 13
8426 13
8427 13
8941 13
8942 13
8949 13
8438 13
8950 13
8439 13
8951 13
8441 13
8953 13
8442 13
8954 13
8443 13
8444 13
8445 13
8446 13
8958 13
8447 13
8448 13
8449 13
8450 13
8451 13
8452 13
8453 13
8454 13
8455 13
8967 13
8456 13
8968 13
8457 13
8458 13
8970 13
8459 13
8971 13
8460 13
8972 13
8973 13
8461 13
8974 13
8462 13
8463 13
8975 13
8464 13
8976 13
8977 13
8465 13
8466 13
8978 13
8467 13
8979 13
8468 13
8980 13
8469 13
8981 13
8470 13
8982 13
8471 13
8983 13
8472 13
8984 13
8985 13
8986 13
8987 13
8988 13
8989 13
8990 13
8991 13
8992 13
8993 13
8994 13
8995 13
8996 13
8997 13
8998 13
8999 13
9000 13
9001 13
9002 13
9004 13
9005 13
9006 13
8494 13
9007 13
8495 13
9008 13
9010 13
7987 13
9011 13
7988 13
7989 13
9013 13
7990 13
9014 13
7991 13
9015 13
7992 13
7993 13
9017 13
9021 13
8509 13
8510 13
9022 13
8511 13
9023 13
8537 13
8538 13
8542 13
8543 13
8544 13
8545 13
8546 13
8547 13
8549 13
8550 13
8551 13
8552 13
8553 13
8554 13
8555 13
8556 13
8557 13
8558 13
8559 13
8597 13
8598 13
8599 13
8600 13
8601 13
8602 13
8603 13
8604 13
8605 13
8606 13
8607 13
8608 13
8609 13
8610 13
8611 13
8612 13
8613 13
8614 13
8615 13
8616 13
8617 13
8618 13
8619 13
8620 13
8621 13
8622 13
8623 13
8624 13
8625 13
8626 13
8627 13
8628 13
8629 13
8630 13
8631 13
8632 13
8633 13
8634 13
8635 13
8636 13
8637 13
8638 13
8639 13
8640 13
8641 13
8642 13
8643 13
8644 13
8645 13
8646 13
8647 13
8648 13
8649 13
8650 13
8651 13
8652 13
8653 13
8654 13
8655 13
8656 13
7633 13
8657 13
8658 13
7634 13
7635 13
8659 13
8660 13
7636 13
8661 13
8662 13
8663 13
9687 13
8664 13
8665 13
8666 13
8667 13
9691 13
8668 13
9692 13
8669 13
8670 13
8671 13
9695 13
8672 13
8673 13
8674 13
8675 13
9699 13
8676 13
9700 13
8677 13
8678 13
9702 13
8679 13
9703 13
8680 13
9704 13
8681 13
9705 13
8682 13
8683 13
8684 13
8685 13
9709 13
8686 13
9710 13
8687 13
9711 13
8688 13
8689 13
9713 13
8690 13
8691 13
8692 13
8693 13
8694 13
9718 13
8695 13
8696 13
8697 13
8698 13
8699 13
8700 13
9724 13
8701 13
9725 13
8702 13
8703 13
9731 14
9755 14
9796 14
9797 14
9798 14
9799 14
9800 14
9801 14
9381 14
7855 14
7856 14
7857 14
7858 14
7895 14
7896 14
7897 14
7898 14
7899 14
7900 14
7901 14
7902 14
7903 14
7904 14
7905 14
7906 14
7907 14
7908 14
7909 14
7910 14
7911 14
7912 14
7913 14
7914 14
7915 14
7916 14
7917 14
7918 14
7919 14
7920 14
7921 14
7922 14
7924 14
7925 14
7926 14
7927 14
7928 14
7929 14
7930 14
7931 14
7932 14
7933 14
7934 14
7935 14
7936 14
7937 14
7938 14
7940 14
7941 14
7942 14
7943 14
7944 14
7945 14
7946 14
7947 14
7948 14
7949 14
7950 14
7951 14
7952 14
7953 14
7954 14
7955 14
7956 14
7958 14
7959 14
7960 14
7961 14
7962 14
7963 14
7967 14
7970 14
7971 14
7972 14
7973 14
8485 14
7974 14
8486 14
7975 14
8488 14
7976 14
8489 14
7977 14
8490 14
7978 14
8491 14
7979 14
8492 14
7981 14
8493 14
7982 14
7983 14
8496 14
8497 14
8498 14
8499 14
8500 14
8501 14
8505 14
8507 14
7995 14
7996 14
8508 14
7997 14
7998 14
7999 14
8000 14
8001 14
8002 14
8003 14
8004 14
8005 14
8006 14
8007 14
8008 14
8009 14
8010 14
9045 14
8026 14
8027 14
8037 14
8039 14
8040 14
8053 14
8055 14
8056 14
8057 14
8058 14
8059 14
8060 14
8061 14
8062 14
8064 14
8065 14
8066 14
9603 14
8067 14
8068 14
9604 14
8069 14
9605 14
8070 14
9606 14
8071 14
8072 14
8073 14
8074 14
8075 14
8076 14
8077 14
8078 14
9102 14
9614 14
8079 14
9103 14
8080 14
9104 14
9616 14
8081 14
9105 14
8082 14
8083 14
9107 14
8084 14
8085 14
9109 14
8086 14
9110 14
8087 14
9111 14
8088 14
8090 14
9114 14
9115 14
8092 14
9116 14
9117 14
9118 14
9119 14
9120 14
9121 14
9122 14
9123 14
8100 14
9125 14
9126 14
9128 14
9129 14
8106 14
8107 14
9132 14
8108 14
9133 14
9134 14
8111 14
9135 14
8112 14
8113 14
9137 14
9650 14
9138 14
9139 14
9652 14
9140 14
9141 14
9142 14
9654 14
8119 14
9143 14
9656 14
8120 14
9144 14
8121 14
9145 14
8122 14
9658 14
8123 14
8124 14
9660 14
8125 14
8126 14
8127 14
8128 14
8129 14
8130 14
8131 14
8132 14
8133 14
8134 14
9670 14
8135 14
9671 14
8136 14
9672 14
9673 14
9674 14
9676 14
9677 14
9678 14
8143 14
9679 14
8144 14
9680 14
8145 14
9681 14
8146 14
9682 14
9683 14
8149 14
8150 14
9184 14
9185 14
9187 14
9188 14
9190 14
9193 14
9715 14
9716 14
9717 14
9208 14