406	4241
3577	4566
203	6433
9644	4784
6388	140
3514	2456
6183	5584
937	1347
9964	151
7615	5745
6696	5433
2079	6364
3724	9724
3046	4761
9569	7904
6380	7942
4437	3973
5269	9142
3651	8989
5666	5989
7579	2063
9803	5270
8864	2317
2866	8897
6087	5320
8369	4958
4420	8902
3307	7475
6479	2603
7770	2592
9106	8731
7517	5087
9532	643
8358	6822
4549	4179
2474	414
3109	4020
6334	2944
7745	9603
3200	7011
6744	9403
1162	9383
7566	3133
1541	7614
1489	3124
3712	2947
276	1303
4955	2129
2658	8986
6611	1603
47	2501
8204	8004
9496	6298
3521	526
1248	3542
1096	5240
4951	3741
3399	5083
1237	594
4662	3332
9541	6489
6614	2819
3467	922
3774	6953
3038	3986
5000	849
6830	2008
4178	7110
3756	6081
6416	7254
1167	2378
4525	4129
9946	6230
9229	4299
7827	6079
7891	7406
6482	9286
5339	7259
3378	3103
9	7717
7851	4130
992	3172
8215	7158
5496	2656
3964	9308
6800	2010
9323	785
9075	159
4789	7780
890	6202
6699	8770
7672	5711
3330	4277
2872	7002
7430	160
5733	2934
1497	4438
6917	1901
3676	8168
7326	1585
1801	5449
3708	8000
7161	8711
7962	9270
4938	1865
5174	5722
3839	5790
5047	2581
4629	8150
3813	6888
507	2985
5730	7465
5771	4662
2649	3363
3885	6598
9062	3868
9741	9299
6208	7898
9683	1342
4586	7249
6123	9728
2927	568
6989	2687
9353	6891
3225	391
120	4267
5424	1900
9523	918
6963	5485
9117	727
1824	8295
2877	6863
9247	1971
9101	710
1346	8481
690	4364
4762	8450
6771	3367
5921	3100
7662	8310
3426	5712
7790	8291
6387	9679
2946	5516
3551	8692
3509	9177
3562	6531
928	9959
8403	5144
2024	6814
3782	2212
9678	6227
9324	5868
2762	3558
7775	2888
7613	8644
662	4185
1812	2263
4445	806
5577	8027
4203	1902
9852	8623
6222	4220
6150	1317
4916	4541
1386	4908
7585	689
1407	9730
5154	1740
7675	11
1409	7895
9967	268
5065	863
1052	5737
4211	6277
2649	5158
7557	1449
7430	5233
6892	9764
9827	8110
4249	865
4558	493
2514	9194
1466	9347
671	5203
1428	9152
5588	1942
1427	3494
7553	9152
2138	6997
5195	4115
7330	7509
5066	1289
2327	4350
5885	6333
1389	1368
4591	3577